planner,sampler,motionValidator,planning_time,pathlength,computationtime,failures,Timestamp
1,1,0,6.726670568464597,9.27865565,34323.0,8.0,76981
19,5,0,8.052483987639079,5000000.0,5000000.0,10.0,291256
1,2,0,8.869638036148043,7.508517175000001,53337.0,6.0,401235
2,4,0,7.588403490004877,6.91395475,69697.75,6.0,515310
1,5,0,5.107700569545296,7.303541500000001,52743.333333333336,7.0,609463
17,5,0,8.53313698939688,5000000.0,5000000.0,10.0,665616
18,1,0,9.427461168077128,5000000.0,5000000.0,10.0,672051
4,3,0,2.020370982478021,5000000.0,5000000.0,10.0,678393
3,1,0,5.489567915926798,8.561173325,64990.625,2.0,830006
1,4,0,9.92367615597644,7.8996916,72438.0,9.0,909606
13,2,0,4.594462889998897,5000000.0,5000000.0,10.0,916574
1,5,0,9.346464118921883,9.225309540000001,55749.8,5.0,1039658
18,0,0,2.9196095926584134,5000000.0,5000000.0,10.0,1046294
21,4,0,4.212836290063455,5000000.0,5000000.0,10.0,1089305
13,3,0,7.476493256903104,5000000.0,5000000.0,10.0,1096104
10,5,0,4.077141414019913,7.169066828571429,53290.42857142857,3.0,1215987
12,4,0,7.632461276757731,5000000.0,5000000.0,10.0,1222685
19,3,0,8.828736444100677,5000000.0,5000000.0,10.0,1229504
4,5,0,5.5014315250412125,5000000.0,5000000.0,10.0,1276776
1,5,0,2.1398817414477245,7.008419,26952.0,9.0,1338032
4,1,0,3.143842196811706,5000000.0,5000000.0,10.0,1345047
11,5,0,7.900252374912994,5000000.0,5000000.0,10.0,1352457
15,0,0,5.267149740329915,5000000.0,5000000.0,10.0,1359731
17,2,0,6.536092343272198,5000000.0,5000000.0,10.0,1366597
19,1,0,4.882691348804521,5000000.0,5000000.0,10.0,1374066
4,5,0,6.726615455033344,5000000.0,5000000.0,10.0,1425639
11,2,0,8.357601891177769,5000000.0,5000000.0,10.0,1482395
18,5,0,2.077705451283053,5000000.0,5000000.0,10.0,1518283
18,2,0,6.3479325128803215,5000000.0,5000000.0,10.0,1525671
17,2,0,8.52770442350698,5000000.0,5000000.0,10.0,1532729
3,0,0,9.010250977453234,8.316047500000002,61723.666666666664,4.0,1665830
4,4,0,8.260165648056741,5000000.0,5000000.0,10.0,1721652
8,2,0,5.947575935076678,5000000.0,5000000.0,10.0,1729407
16,2,0,7.896939587347305,5000000.0,5000000.0,10.0,1785073
9,0,0,9.134484449414689,5000000.0,5000000.0,10.0,1792943
13,1,0,8.106575074423485,5000000.0,5000000.0,10.0,1800522
14,1,0,6.620326774019884,5000000.0,5000000.0,10.0,1808120
4,5,0,7.845588721152732,6.7622013,30991.0,9.0,1880051
20,3,0,5.93261526319103,5000000.0,5000000.0,10.0,1887518
1,4,0,8.240375188718938,7.4177375,59526.0,8.0,1986514
12,0,0,2.330138482754916,5000000.0,5000000.0,10.0,2024037
20,3,0,4.471452975702926,5000000.0,5000000.0,10.0,2032164
19,1,0,5.627112575067015,5000000.0,5000000.0,10.0,2040166
14,0,0,9.373834635577465,5000000.0,5000000.0,10.0,2047846
4,2,0,9.491984561115618,5000000.0,5000000.0,10.0,2055669
8,1,0,8.25246223516369,5000000.0,5000000.0,10.0,2063562
2,1,0,2.6568175815780406,5000000.0,5000000.0,10.0,2071524
11,5,0,6.232237181178782,5000000.0,5000000.0,10.0,2079703
10,4,0,4.506899806046994,7.021166428571428,56364.57142857143,3.0,2209807
5,1,0,7.065911155582577,5000000.0,5000000.0,10.0,2217780
10,4,0,2.451564019291163,6.8709810000000004,38842.0,7.0,2292202
3,4,0,7.588403490004877,8.438108871428572,59230.142857142855,3.0,2434099
3,5,0,5.371964595038741,8.729318328571429,60564.0,3.0,2575820
2,4,0,7.5987233781809715,7.8194975,75454.0,6.0,2701909
2,4,0,2.0018583071725233,7.780825,67778.0,8.0,2800370
12,2,0,3.5362223969604214,5000000.0,5000000.0,10.0,2842102
1,4,0,8.893492508521955,8.116656833333332,64995.666666666664,7.0,2954791
10,4,0,4.106736098210673,7.14183827142857,54574.857142857145,3.0,3080426
2,4,0,4.28007106726063,7.278092866666667,76135.66666666667,7.0,3197620
10,4,0,4.228621167364868,7.3698711,52412.0,2.0,3327627
3,4,0,3.9608217247938122,8.549815299999999,45966.5,8.0,3406343
10,5,0,3.4352014165830305,6.70803228,47103.0,5.0,3506909
3,5,0,4.901022364895968,8.264771283333333,63996.666666666664,4.0,3657473
3,2,0,9.427234454766761,8.890004633333334,59321.666666666664,1.0,3819548
2,4,0,2.5266992903446814,7.872132133333333,87655.66666666667,7.0,3955379
10,5,0,3.672506721553275,7.113302419999999,57333.2,5.0,4064077
10,5,0,7.073790204154438,7.23084681,56899.2,0.0,4237817
2,4,0,2.0420557555821444,8.449106,51188.0,9.0,4323489
3,1,0,9.452731514966093,8.5336675,66756.125,2.0,4493747
1,4,0,8.256366864726452,8.92098325,57970.5,6.0,4610017
3,1,0,4.157210622484477,8.320423333333332,57276.333333333336,7.0,4699840
2,4,0,2.0370448520281412,8.001926666666668,62012.666666666664,7.0,4803625
0,4,0,2.0107629923238624,8.849644,24401.0,9.0,4863751
1,3,0,9.61050342375271,8.043549216666666,68571.5,4.0,5027046
0,4,0,4.203234342697687,7.816117166666667,75330.66666666667,7.0,5132101
3,2,0,10,9.0760091625,77180.5,2.0,5314187
1,1,0,9.420193967966545,8.030425125,66729.625,2.0,5490385
0,4,0,4.206754835529455,9.507411675,87243.5,6.0,5633237
3,4,0,9.427234454766761,9.588139071428571,56733.57142857143,3.0,5775931
10,4,0,9.394394846287373,7.34975504,63775.4,0.0,5971542
19,4,0,9.419032822273877,5000000.0,5000000.0,10.0,6234127
2,4,0,9.514149967260678,7.384659139999999,71520.8,5.0,6391844
2,4,0,9.425451973197369,7.623967980000001,85004.0,5.0,6575087
11,1,0,4.091233992167888,5000000.0,5000000.0,10.0,6621672
5,4,0,9.425382810499936,9.370327,32952.0,9.0,6706713
10,3,0,9.394394846287373,5000000.0,5000000.0,10.0,6719637
10,5,0,9.309475899532195,7.735224033333334,58742.88888888889,1.0,6878261
10,5,0,9.580178623270012,7.8544044,62489.5,0.0,7066528
10,5,0,10,7.568034822222223,62074.0,1.0,7239693
3,5,0,2.0333473775479636,10.064426333333332,72216.33333333333,7.0,7337738
21,0,0,7.682404221243112,5000000.0,5000000.0,10.0,7347623
10,0,0,9.574162492912746,5000000.0,5000000.0,10.0,7360865
10,2,0,7.173041096404547,5000000.0,5000000.0,10.0,7374005
6,4,0,9.440270576445574,5000000.0,5000000.0,10.0,7440163
10,4,0,9.542760076990628,6.85517131,59988.7,0.0,7621365
5,4,0,9.847969199521401,5000000.0,5000000.0,10.0,7688641
11,4,0,9.74215689750844,5000000.0,5000000.0,10.0,7698675
10,4,0,9.445535695484352,7.39495897,58523.0,0.0,7872952
15,4,0,7.3716464758883244,5000000.0,5000000.0,10.0,7929051
5,4,0,4.151015013970698,5000000.0,5000000.0,10.0,7979026
