planner,sampler,motionValidator,planning_time,pathlength,computationtime,failures,Timestamp
13,2,0,17.246974739655375,5000000.0,5000000.0,10.0,7049
13,0,0,10.069466819007689,5000000.0,5000000.0,10.0,13831
13,0,0,11.156067663557868,5000000.0,5000000.0,10.0,20558
21,5,0,10.910552974437923,5000000.0,5000000.0,10.0,83302
2,4,0,3.4406034231326363,5000000.0,5000000.0,10.0,122307
16,1,0,18.32912585110956,5000000.0,5000000.0,10.0,205522
15,2,0,12.316676529012588,5000000.0,5000000.0,10.0,212825
19,3,0,8.372729500120727,5000000.0,5000000.0,10.0,219954
16,5,0,26.95438514738764,5000000.0,5000000.0,10.0,226834
9,2,0,10.55978079447498,5000000.0,5000000.0,10.0,233888
18,3,0,12.490717550485265,5000000.0,5000000.0,10.0,241572
1,0,0,28.770385822264505,5000000.0,5000000.0,10.0,359177
3,0,0,4.244124084305984,5000000.0,5000000.0,10.0,399150
20,4,0,27.92429009083211,5000000.0,5000000.0,10.0,508104
19,2,0,8.723057129263793,5000000.0,5000000.0,10.0,514669
20,3,0,6.862627754399845,5000000.0,5000000.0,10.0,521430
11,0,0,20.544384434683458,5000000.0,5000000.0,10.0,608266
8,3,0,25.421121955582215,5000000.0,5000000.0,10.0,615059
10,2,0,3.001936472588439,5000000.0,5000000.0,10.0,621803
3,0,0,14.227582233634838,9.537617,52315.0,9.0,756949
12,3,0,3.39022036334418,5000000.0,5000000.0,10.0,792432
9,4,0,24.10170371350586,8.9520585,44776.5,8.0,901216
20,1,0,19.19084192110847,5000000.0,5000000.0,10.0,908166
21,3,0,21.652611985667654,5000000.0,5000000.0,10.0,915052
16,2,0,1.7537657687845214,5000000.0,5000000.0,10.0,945694
2,3,0,13.636948647486197,5000000.0,5000000.0,10.0,952669
1,2,0,21.58344098213192,5000000.0,5000000.0,10.0,1048238
14,0,0,5.2755813091977215,5000000.0,5000000.0,10.0,1055379
3,4,0,15.128042304311366,9.498239000000002,62634.0,8.0,1175723
1,4,0,1.2744806265897255,5000000.0,5000000.0,10.0,1207346
4,4,0,29.586798841428138,5000000.0,5000000.0,10.0,1321601
0,4,0,5.518734929007784,5000000.0,5000000.0,10.0,1366307
5,4,0,5.064949784406845,5000000.0,5000000.0,10.0,1407203
21,0,0,2.0191677056579582,5000000.0,5000000.0,10.0,1414436
11,0,0,1.2458833204131552,5000000.0,5000000.0,10.0,1443792
0,4,0,9.346236722465042,5000000.0,5000000.0,10.0,1500322
2,4,0,5.955815063489827,5000000.0,5000000.0,10.0,1546231
9,1,0,11.676118475502935,5000000.0,5000000.0,10.0,1553609
14,0,0,26.762820562617623,5000000.0,5000000.0,10.0,1561119
11,3,0,23.646120891921772,5000000.0,5000000.0,10.0,1658365
0,2,0,3.542168118825157,5000000.0,5000000.0,10.0,1699062
11,3,0,8.723301034339219,5000000.0,5000000.0,10.0,1751679
9,2,0,15.301285726785645,5000000.0,5000000.0,10.0,1759282
13,4,0,23.591711840720137,5000000.0,5000000.0,10.0,1856497
21,5,0,27.997637448676056,5000000.0,5000000.0,10.0,1967056
6,2,0,25.789636637755766,5000000.0,5000000.0,10.0,1974806
6,4,0,22.610519998389808,5000000.0,5000000.0,10.0,2069530
6,3,0,28.288338735751015,5000000.0,5000000.0,10.0,2077399
8,5,0,22.461148872841257,5000000.0,5000000.0,10.0,2170886
6,5,0,6.94199932433366,5000000.0,5000000.0,10.0,2217944
3,4,0,14.279498427984068,5000000.0,5000000.0,10.0,2362058
3,4,0,15.162754009548655,9.23516025,60819.0,8.0,2490436
3,0,0,15.110587134497221,14.039331,47893.0,9.0,2634295
21,5,0,5.862690289829234,5000000.0,5000000.0,10.0,2679790
3,4,0,15.226859168215181,7.835254,60395.0,9.0,2808239
3,0,0,15.22581715928336,9.339298833333332,50088.666666666664,7.0,2966431
3,1,0,14.782114747201122,16.686699,47014.0,9.0,3101968
3,0,0,14.550203751466313,8.470171166666667,58574.666666666664,7.0,3230906
3,0,0,14.32436308045536,8.3426175,57421.0,8.0,3387897
3,4,0,14.3971318372479,11.791491,67904.0,9.0,3524724
3,0,0,14.270999768739548,9.863379,72253.0,9.0,3669268
3,0,0,14.226725882436279,8.626357500000001,41687.0,8.0,3802002
3,0,0,15.288468247275583,7.977537,53261.0,8.0,3948469
3,0,0,14.214630969064318,9.789432000000001,67728.5,8.0,4095735
3,1,0,15.59532876409526,11.058380999999999,55896.333333333336,7.0,4241947
9,4,0,24.36534095582497,12.898036,45773.0,9.0,4348818
15,4,0,10.234159171840588,5000000.0,5000000.0,10.0,4407593
9,4,0,24.32243224165595,5000000.0,5000000.0,10.0,4511483
9,4,0,24.283755783512696,5000000.0,5000000.0,10.0,4615219
3,1,0,14.226725882436279,10.056922,54165.0,9.0,4755771
3,1,0,14.227382415236043,16.277512,74631.0,9.0,4890143
3,1,0,14.171205635078435,5000000.0,5000000.0,10.0,5044337
3,1,0,18.36349975700944,8.516642,51900.666666666664,7.0,5192112
20,5,0,16.725256199005628,5000000.0,5000000.0,10.0,5270244
3,5,0,14.226725882436279,9.048366666666666,55561.333333333336,7.0,5400774
3,5,0,14.28879712422779,5000000.0,5000000.0,10.0,5500871
3,5,0,15.52726012188728,8.458295499999998,79637.5,8.0,5678265
3,1,0,18.97205076408279,8.873801499999999,74628.5,8.0,5851116
3,5,0,14.331676162390325,9.269589,47341.0,9.0,5975169
3,5,0,14.32436308045536,5000000.0,5000000.0,10.0,6131569
16,5,0,12.987114681951036,5000000.0,5000000.0,10.0,6140777
9,4,0,24.39354801652752,8.868685,46227.0,9.0,6248664
3,1,0,14.32436308045536,9.906218,64463.0,9.0,6390938
3,3,0,14.32436308045536,9.047066,36483.0,9.0,6513234
2,0,0,3.8995875099995585,5000000.0,5000000.0,10.0,6522749
3,2,0,14.32436308045536,5000000.0,5000000.0,10.0,6615783
3,1,0,15.92994416064654,8.81320025,67776.5,8.0,6745531
3,2,0,18.254660746620587,8.754790333333334,77120.66666666667,7.0,6912163
3,2,0,18.40825203433609,11.607355,83349.0,9.0,7051468
3,2,0,15.682702382604171,8.867159,35789.0,9.0,7206781
3,3,0,14.319084214911936,10.4224715,62972.0,8.0,7346932
3,1,0,14.31597193067847,6.9143667,47718.0,9.0,7464328
3,2,0,19.015974337669583,9.090087666666667,51005.333333333336,7.0,7615955
3,1,0,14.294621720252643,10.301057,57079.0,8.0,7772854
3,2,0,15.129389155747871,5000000.0,5000000.0,10.0,7896115
3,4,0,15.081250465476867,11.138524,62712.0,9.0,8032931
9,4,0,24.360372711494406,5000000.0,5000000.0,10.0,8140679
3,2,0,19.87129021578148,5000000.0,5000000.0,10.0,8307023
3,4,0,19.16028852652724,5000000.0,5000000.0,10.0,8458422
21,1,0,27.096435954217654,5000000.0,5000000.0,10.0,8468485
