planner,sampler,motionValidator,planning_time,pathlength,computationtime,failures,Timestamp
21,1,0,5.639009443647279,5000000.0,5000000.0,10.0,5687
8,4,0,22.87008891210342,5000000.0,5000000.0,10.0,23504
9,3,0,18.776354224954606,5000000.0,5000000.0,10.0,28312
9,0,0,27.18867215962736,5000000.0,5000000.0,10.0,33297
21,0,0,2.9963571359683696,5000000.0,5000000.0,10.0,38399
16,4,0,4.800049107931679,5000000.0,5000000.0,10.0,43427
18,3,0,7.811535786144852,5000000.0,5000000.0,10.0,48664
0,3,0,23.675892344077642,5000000.0,5000000.0,10.0,64416
13,4,0,16.376385362074533,5000000.0,5000000.0,10.0,80248
16,3,0,13.175702892446777,5000000.0,5000000.0,10.0,96000
4,5,0,12.161323189046989,5000000.0,5000000.0,10.0,111883
21,2,0,2.8924499851242524,5000000.0,5000000.0,10.0,117137
3,2,0,16.303754085428913,5000000.0,5000000.0,10.0,132820
5,5,0,17.756939093158564,5000000.0,5000000.0,10.0,148537
8,2,0,14.55543815515987,5000000.0,5000000.0,10.0,154131
5,4,0,12.492331783154416,5000000.0,5000000.0,10.0,169977
2,5,0,6.400897309888308,5000000.0,5000000.0,10.0,185996
14,3,0,24.468130868469185,5000000.0,5000000.0,10.0,191646
21,2,0,29.207311258246882,5000000.0,5000000.0,10.0,197476
12,3,0,7.909844320762217,5000000.0,5000000.0,10.0,213944
3,3,0,22.54577109109984,5000000.0,5000000.0,10.0,230546
0,5,0,19.125920713859113,5000000.0,5000000.0,10.0,246792
8,1,0,4.448139691030819,5000000.0,5000000.0,10.0,252809
3,4,0,26.005317523279217,5000000.0,5000000.0,10.0,269244
9,3,0,7.7646624338279935,5000000.0,5000000.0,10.0,275239
5,4,0,6.7950168783516425,5000000.0,5000000.0,10.0,291808
15,4,0,21.52520227662698,5000000.0,5000000.0,10.0,308364
3,1,0,3.7005973548006748,5000000.0,5000000.0,10.0,324876
8,2,0,18.452389837047544,5000000.0,5000000.0,10.0,330767
6,3,0,24.612564074153457,5000000.0,5000000.0,10.0,337129
7,5,0,17.788801205839384,5000000.0,5000000.0,10.0,353996
10,4,0,26.38836924075213,5000000.0,5000000.0,10.0,370832
3,2,0,4.353691918505791,5000000.0,5000000.0,10.0,387768
19,1,0,5.704812183703013,5000000.0,5000000.0,10.0,394144
15,0,0,18.702001461686823,5000000.0,5000000.0,10.0,401101
8,4,0,12.176666797520852,5000000.0,5000000.0,10.0,416408
2,5,0,3.5830197494184075,5000000.0,5000000.0,10.0,430988
6,2,0,9.176796539903535,5000000.0,5000000.0,10.0,436164
13,5,0,19.437282100979406,5000000.0,5000000.0,10.0,451704
14,0,0,20.31206090076785,5000000.0,5000000.0,10.0,456958
18,0,0,5.01246200354546,5000000.0,5000000.0,10.0,462061
13,0,0,2.523530819811162,5000000.0,5000000.0,10.0,467338
7,0,0,23.067711971953138,5000000.0,5000000.0,10.0,472413
11,1,0,4.64647760360203,5000000.0,5000000.0,10.0,488005
18,3,0,23.556088068663538,5000000.0,5000000.0,10.0,493147
10,1,0,12.138141517351333,5000000.0,5000000.0,10.0,498732
1,4,0,20.88960972325727,5000000.0,5000000.0,10.0,514632
13,3,0,29.781151439135716,5000000.0,5000000.0,10.0,520339
11,2,0,8.64470250215064,5000000.0,5000000.0,10.0,536468
7,2,0,19.740394017512607,5000000.0,5000000.0,10.0,542276
0,4,0,23.753638821329584,5000000.0,5000000.0,10.0,563344
0,0,0,1.0887449333900587,5000000.0,5000000.0,10.0,584248
0,1,0,23.477214156596702,5000000.0,5000000.0,10.0,605018
0,3,0,18.034515805515635,5000000.0,5000000.0,10.0,626080
0,4,0,8.659190963367205,5000000.0,5000000.0,10.0,647271
0,2,0,3.7550696976527904,5000000.0,5000000.0,10.0,668144
0,0,0,2.045214872091768,5000000.0,5000000.0,10.0,689338
0,4,0,6.221778083146313,5000000.0,5000000.0,10.0,710648
0,2,0,17.907515765531723,5000000.0,5000000.0,10.0,732000
0,4,0,29.6774773587784,5000000.0,5000000.0,10.0,753392
0,4,0,9.068503044800906,5000000.0,5000000.0,10.0,774968
0,3,0,21.495910162511176,5000000.0,5000000.0,10.0,796123
0,5,0,15.760718576851492,5000000.0,5000000.0,10.0,817331
0,3,0,26.07970950325739,5000000.0,5000000.0,10.0,838806
0,4,0,1.6307503469984366,5000000.0,5000000.0,10.0,860608
0,1,0,16.502664674532607,5000000.0,5000000.0,10.0,882388
0,2,0,6.864965906565136,5000000.0,5000000.0,10.0,904096
0,1,0,3.1988327147716964,5000000.0,5000000.0,10.0,925610
0,2,0,24.643222364831747,5000000.0,5000000.0,10.0,947493
0,4,0,28.02315908634614,5000000.0,5000000.0,10.0,969396
0,0,0,6.276899660355106,5000000.0,5000000.0,10.0,991404
0,1,0,11.287847382459738,5000000.0,5000000.0,10.0,1013624
0,2,0,14.1062430146665,5000000.0,5000000.0,10.0,1035956
0,2,0,2.3035230741281936,5000000.0,5000000.0,10.0,1058116
0,0,0,3.721431458515797,5000000.0,5000000.0,10.0,1080152
0,1,0,3.4738249922469246,5000000.0,5000000.0,10.0,1102552
0,1,0,25.717548065175112,5000000.0,5000000.0,10.0,1124858
5,2,0,6.0108818683508,5000000.0,5000000.0,10.0,1131883
11,3,0,27.93704200379205,5000000.0,5000000.0,10.0,1149459
0,0,0,11.280127689297805,5000000.0,5000000.0,10.0,1172336
0,0,0,3.797831178983209,5000000.0,5000000.0,10.0,1194180
0,3,0,9.548533030144538,5000000.0,5000000.0,10.0,1214228
0,2,0,10.722262883131787,5000000.0,5000000.0,10.0,1233820
0,4,0,25.106647132552713,5000000.0,5000000.0,10.0,1254178
0,5,0,29.525400688601636,5000000.0,5000000.0,10.0,1274848
0,2,0,2.0856921625803,5000000.0,5000000.0,10.0,1295180
0,3,0,1.9284169819171852,5000000.0,5000000.0,10.0,1315777
0,0,0,10.703232625303851,5000000.0,5000000.0,10.0,1336310
0,3,0,9.336098904832271,5000000.0,5000000.0,10.0,1356943
0,2,0,7.251242321901358,5000000.0,5000000.0,10.0,1377492
0,4,0,8.67386662285378,5000000.0,5000000.0,10.0,1398277
0,0,0,19.627624302031684,5000000.0,5000000.0,10.0,1418823
0,2,0,22.868849909656827,5000000.0,5000000.0,10.0,1439628
0,1,0,5.999973537069655,5000000.0,5000000.0,10.0,1460371
0,2,0,11.751316795263179,5000000.0,5000000.0,10.0,1481404
0,4,0,28.75144206364373,5000000.0,5000000.0,10.0,1502551
0,2,0,25.713309877081294,5000000.0,5000000.0,10.0,1523639
0,2,0,26.921742189066403,5000000.0,5000000.0,10.0,1544564
0,1,0,16.4254161144714,5000000.0,5000000.0,10.0,1566064
0,1,0,2.872753544961353,5000000.0,5000000.0,10.0,1587408
