planner,sampler,motionValidator,planning_time,pathlength,computationtime,failures,Timestamp
13,2,0,13.617544413261978,5000000.0,5000000.0,10.0,10524
2,2,0,10.009279356216513,5000000.0,5000000.0,10.0,21284
1,3,0,26.37422005099057,5000000.0,5000000.0,10.0,138389
20,3,0,19.93077533132737,5000000.0,5000000.0,10.0,148463
20,3,0,13.982515272009925,5000000.0,5000000.0,10.0,158565
3,2,0,22.605512616308506,8.983131333333334,75113.33333333333,7.0,329165
18,2,0,9.069208004515364,5000000.0,5000000.0,10.0,339553
16,1,0,27.89032711220781,5000000.0,5000000.0,10.0,453422
2,0,0,5.101262547980123,5000000.0,5000000.0,10.0,463763
3,5,0,19.159292332368377,10.7249155,82044.0,9.0,610307
20,2,0,17.698049551668866,5000000.0,5000000.0,10.0,620667
5,3,0,20.96596129520979,5000000.0,5000000.0,10.0,631254
10,4,0,13.282329847630049,5000000.0,5000000.0,10.0,700791
0,1,0,28.674683519548093,5000000.0,5000000.0,10.0,819275
15,2,0,22.643504265767206,5000000.0,5000000.0,10.0,829845
5,2,0,9.498217645064978,5000000.0,5000000.0,10.0,840560
2,1,0,13.047564617634452,5000000.0,5000000.0,10.0,851212
11,2,0,11.15785458546438,5000000.0,5000000.0,10.0,917231
21,0,0,27.705114553164535,5000000.0,5000000.0,10.0,928419
13,5,0,17.873981069799942,5000000.0,5000000.0,10.0,1012864
8,5,0,17.807577433586726,5000000.0,5000000.0,10.0,1096558
14,5,0,25.8754945606138,5000000.0,5000000.0,10.0,1205600
6,0,0,12.758987737848226,5000000.0,5000000.0,10.0,1216405
0,0,0,29.424704439362436,5000000.0,5000000.0,10.0,1338633
21,4,0,26.11732459509018,5000000.0,5000000.0,10.0,1448333
9,5,0,7.963994214737644,5000000.0,5000000.0,10.0,1503469
9,5,0,17.1173830512353,5000000.0,5000000.0,10.0,1586455
6,4,0,19.979197220355715,5000000.0,5000000.0,10.0,1677336
11,4,0,6.2811536108862,5000000.0,5000000.0,10.0,1688460
5,1,0,13.865621455206966,5000000.0,5000000.0,10.0,1699624
14,3,0,19.363978301602053,5000000.0,5000000.0,10.0,1710917
18,3,0,19.135708359766163,5000000.0,5000000.0,10.0,1722243
11,2,0,26.04106339884843,5000000.0,5000000.0,10.0,1832198
10,4,0,22.502756698253346,5000000.0,5000000.0,10.0,1930981
7,1,0,12.696031647233017,5000000.0,5000000.0,10.0,1942369
12,1,0,11.017020466765949,5000000.0,5000000.0,10.0,2007071
10,3,0,18.87739819155705,5000000.0,5000000.0,10.0,2018590
1,0,0,2.5337069051206376,5000000.0,5000000.0,10.0,2060463
12,1,0,16.501132127132042,5000000.0,5000000.0,10.0,2141714
18,0,0,6.295549558903074,5000000.0,5000000.0,10.0,2153359
0,5,0,17.442236932941736,8.237366,23153.0,9.0,2239880
16,4,0,7.823372212860777,5000000.0,5000000.0,10.0,2251578
20,3,0,28.647214744325396,5000000.0,5000000.0,10.0,2263391
10,0,0,13.665817418719806,5000000.0,5000000.0,10.0,2275306
8,3,0,4.396645397831229,5000000.0,5000000.0,10.0,2287160
20,4,0,15.742462396103763,5000000.0,5000000.0,10.0,2366971
0,2,0,11.672709162968726,5000000.0,5000000.0,10.0,2439044
21,1,0,25.32721105427342,5000000.0,5000000.0,10.0,2451013
0,4,0,28.399612934133525,5000000.0,5000000.0,10.0,2572579
10,4,0,11.238091172707055,5000000.0,5000000.0,10.0,2638242
3,2,0,19.276972964613424,11.950987999999999,86063.5,8.0,2793431
3,5,0,18.36316140860312,5000000.0,5000000.0,10.0,2990952
3,2,0,20.862121509285007,10.838797,84049.0,9.0,3221126
3,2,0,22.692982418273413,5000000.0,5000000.0,10.0,3380492
4,2,0,20.058293653367098,5000000.0,5000000.0,10.0,3392857
3,5,0,19.17018997368766,11.163216,69310.0,9.0,3515631
3,5,0,18.921077581523015,11.57054,59386.666666666664,7.0,3634780
3,2,0,21.93486903412267,10.9421305,79122.5,8.0,3814580
3,5,0,18.921179090148296,11.37026475,77828.0,8.0,3982327
3,5,0,18.7483691521881,9.532443,69956.0,9.0,4151860
3,0,0,22.611383277776216,10.422368333333333,73498.33333333333,7.0,4332768
3,5,0,22.658363956977613,5000000.0,5000000.0,10.0,4508273
0,5,0,18.534842792768313,5000000.0,5000000.0,10.0,4604776
3,3,0,22.611383277776216,9.948489833333333,71099.0,7.0,4812514
3,0,0,22.621582365099425,10.386752000000001,85634.5,8.0,4960277
3,5,0,18.667626477181685,5000000.0,5000000.0,10.0,5140476
3,1,0,22.521936985675236,9.76347925,83239.75,6.0,5358917
0,5,0,17.38787325551998,5000000.0,5000000.0,10.0,5452390
3,1,0,22.305042062576785,10.3524105,58939.5,8.0,5670235
3,5,0,20.250213999420104,11.763450333333333,68210.0,7.0,5847779
3,2,0,22.621582365099425,13.49796,111328.0,9.0,6021154
3,1,0,22.64282065664774,11.4615735,70719.5,8.0,6171446
3,3,0,22.64282065664774,11.2931055,86876.0,8.0,6374712
13,4,0,18.188737114949863,5000000.0,5000000.0,10.0,6463603
3,5,0,21.668155327585744,10.624384500000001,69482.5,8.0,6634055
3,5,0,22.521936985675236,10.416580333333332,78929.0,7.0,6792860
3,4,0,19.743460649058182,10.6291035,73461.0,8.0,6975126
3,5,0,22.54841708982763,9.80715,144862.0,9.0,7183637
3,4,0,18.738295278330618,5000000.0,5000000.0,10.0,7343913
3,4,0,22.521936985675236,12.014512,46564.0,9.0,7516011
15,2,0,13.547352706315634,5000000.0,5000000.0,10.0,7529886
3,4,0,19.16445881512895,11.5071935,80044.0,8.0,7712917
3,4,0,18.921077581523015,5000000.0,5000000.0,10.0,7840472
3,0,0,18.921077581523015,7.090681,79169.0,9.0,7998184
3,1,0,18.84704288636748,9.970599,95739.0,9.0,8198089
3,1,0,22.65549133127686,10.679943,50198.0,9.0,8345519
3,2,0,18.921077581523015,5000000.0,5000000.0,10.0,8482420
3,4,0,22.28125412158452,5000000.0,5000000.0,10.0,8655803
2,1,0,17.838885471493434,5000000.0,5000000.0,10.0,8670136
3,4,0,22.39701892730106,12.069796,163041.0,9.0,8851897
3,4,0,21.77255528055822,11.150414666666665,78280.33333333333,7.0,9032167
3,4,0,22.044585249611856,10.27079,60192.0,9.0,9179179
3,4,0,22.611383277776216,5000000.0,5000000.0,10.0,9340155
3,0,0,18.847176018582932,5000000.0,5000000.0,10.0,9492196
3,4,0,22.330760848609284,7.425379,101458.0,9.0,9657112
3,4,0,22.483009610928967,15.208866666666665,92701.33333333333,7.0,9824559
3,0,0,22.493198172178584,11.812476499999999,120769.5,8.0,10020000
3,1,0,18.767100639573005,11.419004,77951.0,9.0,10227219
6,2,0,24.703954845558037,5000000.0,5000000.0,10.0,10242021
3,1,0,18.892274605339225,8.939659,74330.0,9.0,10404761
