planner,sampler,motionValidator,planning_time,pathlength,computationtime,failures,Timestamp
6,0,0,25.259728395729173,5000000.0,5000000.0,10.0,4960
3,5,0,2.267262239672462,5000000.0,5000000.0,10.0,20814
2,1,0,2.0520418304494887,5000000.0,5000000.0,10.0,25616
4,3,0,5.582968367855213,5000000.0,5000000.0,10.0,30323
1,0,0,16.884453704171,5000000.0,5000000.0,10.0,46214
6,0,0,22.55454792025144,5000000.0,5000000.0,10.0,50968
3,2,0,27.183185079415058,5000000.0,5000000.0,10.0,66174
11,3,0,15.743934892402804,5000000.0,5000000.0,10.0,82195
10,2,0,10.569702035344934,5000000.0,5000000.0,10.0,87040
0,0,0,5.805454474683514,5000000.0,5000000.0,10.0,102266
7,2,0,3.282810297841921,5000000.0,5000000.0,10.0,107905
8,0,0,7.8498315292393945,5000000.0,5000000.0,10.0,112552
7,1,0,10.185640546314337,5000000.0,5000000.0,10.0,117261
7,1,0,2.970229273387662,5000000.0,5000000.0,10.0,122107
11,5,0,29.897418900551095,5000000.0,5000000.0,10.0,127536
2,0,0,2.5776414034677293,5000000.0,5000000.0,10.0,132212
10,0,0,14.45612882028382,5000000.0,5000000.0,10.0,136920
2,2,0,25.74033811559468,5000000.0,5000000.0,10.0,142556
11,4,0,10.714748175383635,5000000.0,5000000.0,10.0,147218
5,2,0,2.480123515146384,5000000.0,5000000.0,10.0,152199
9,3,0,17.811452931526517,5000000.0,5000000.0,10.0,157102
1,3,0,12.832830705709778,5000000.0,5000000.0,10.0,173010
8,2,0,7.642656981248682,5000000.0,5000000.0,10.0,177901
5,1,0,16.542291314228926,5000000.0,5000000.0,10.0,182934
6,2,0,24.047518439806638,5000000.0,5000000.0,10.0,188524
18,2,0,19.71124772285144,5000000.0,5000000.0,10.0,193009
15,3,0,8.740167844918453,5000000.0,5000000.0,10.0,197870
8,3,0,10.608714621327605,5000000.0,5000000.0,10.0,202725
4,3,0,5.802311666326857,5000000.0,5000000.0,10.0,208096
7,0,0,9.418094901684524,5000000.0,5000000.0,10.0,212955
19,5,0,8.859693074574714,5000000.0,5000000.0,10.0,228190
11,4,0,14.097487795208298,5000000.0,5000000.0,10.0,234854
17,2,0,11.353640843318304,5000000.0,5000000.0,10.0,239712
13,1,0,4.360441092182178,5000000.0,5000000.0,10.0,244692
11,1,0,13.612414158565489,5000000.0,5000000.0,10.0,260006
16,3,0,5.517804527875305,5000000.0,5000000.0,10.0,275398
11,3,0,4.388751572685193,5000000.0,5000000.0,10.0,290930
14,1,0,24.615209482645035,5000000.0,5000000.0,10.0,296023
6,1,0,6.004020026580414,5000000.0,5000000.0,10.0,301055
19,2,0,20.719635880530795,5000000.0,5000000.0,10.0,306153
20,5,0,26.52377571847445,5000000.0,5000000.0,10.0,321839
7,4,0,10.787772361961311,5000000.0,5000000.0,10.0,337582
14,1,0,21.299556062733153,5000000.0,5000000.0,10.0,343015
3,2,0,1.9426575063921905,5000000.0,5000000.0,10.0,358802
2,0,0,29.906114964058848,5000000.0,5000000.0,10.0,364295
2,5,0,17.586727412819382,5000000.0,5000000.0,10.0,380130
4,5,0,14.429096971967219,5000000.0,5000000.0,10.0,396126
15,1,0,9.166650781930345,5000000.0,5000000.0,10.0,401860
7,0,0,13.890179032384317,5000000.0,5000000.0,10.0,407627
12,3,0,27.989793974003295,5000000.0,5000000.0,10.0,423814
1,0,0,17.70638346556633,5000000.0,5000000.0,10.0,440074
0,5,0,5.823384416521716,5000000.0,5000000.0,10.0,460806
0,5,0,11.794245749623414,5000000.0,5000000.0,10.0,481622
0,3,0,10.560575454246225,5000000.0,5000000.0,10.0,502330
0,0,0,17.82201613526419,5000000.0,5000000.0,10.0,523255
0,3,0,22.87164515683486,5000000.0,5000000.0,10.0,544134
0,3,0,13.078142664310326,5000000.0,5000000.0,10.0,564976
0,1,0,3.2086583138972786,5000000.0,5000000.0,10.0,584918
0,0,0,14.215355786932069,5000000.0,5000000.0,10.0,605874
0,1,0,29.13760194918979,5000000.0,5000000.0,10.0,627040
0,3,0,23.218191512482026,5000000.0,5000000.0,10.0,648318
10,2,0,4.238511361354753,5000000.0,5000000.0,10.0,654507
0,2,0,21.506144593546008,5000000.0,5000000.0,10.0,675874
0,1,0,11.047969641412168,5000000.0,5000000.0,10.0,697503
0,5,0,26.157457523135534,5000000.0,5000000.0,10.0,718934
0,1,0,20.682638445044617,5000000.0,5000000.0,10.0,740454
0,0,0,12.92557047203734,5000000.0,5000000.0,10.0,760162
0,3,0,28.457052506158725,5000000.0,5000000.0,10.0,779874
0,3,0,8.019804667814682,5000000.0,5000000.0,10.0,799498
0,0,0,14.161531763522303,5000000.0,5000000.0,10.0,819454
0,0,0,22.364141994054126,5000000.0,5000000.0,10.0,839154
0,2,0,20.07878858800634,5000000.0,5000000.0,10.0,859884
0,2,0,23.258796085114056,5000000.0,5000000.0,10.0,879326
0,0,0,14.96871709571764,5000000.0,5000000.0,10.0,899954
0,1,0,3.7300486810470526,5000000.0,5000000.0,10.0,919586
0,3,0,7.838419245746936,5000000.0,5000000.0,10.0,940058
0,0,0,22.33036783812907,5000000.0,5000000.0,10.0,959562
0,4,0,9.072962721893974,5000000.0,5000000.0,10.0,979894
0,4,0,6.23244690988825,5000000.0,5000000.0,10.0,999694
0,4,0,4.003538958726347,5000000.0,5000000.0,10.0,1019106
0,3,0,21.612399685397207,5000000.0,5000000.0,10.0,1039530
0,0,0,24.20357473015524,5000000.0,5000000.0,10.0,1059063
0,3,0,7.798819076644813,5000000.0,5000000.0,10.0,1079514
0,0,0,24.502721309655513,5000000.0,5000000.0,10.0,1100167
0,1,0,23.403031719227783,5000000.0,5000000.0,10.0,1120661
0,4,0,15.428329505849169,5000000.0,5000000.0,10.0,1140930
0,0,0,21.538539018846762,5000000.0,5000000.0,10.0,1160523
0,1,0,1.2188486110336407,5000000.0,5000000.0,10.0,1181055
0,0,0,6.448664456766909,5000000.0,5000000.0,10.0,1201598
8,5,0,20.31340760429921,5000000.0,5000000.0,10.0,1216862
0,4,0,6.816321127603204,5000000.0,5000000.0,10.0,1237458
0,4,0,25.199556052532753,5000000.0,5000000.0,10.0,1257344
0,2,0,11.586258108736802,5000000.0,5000000.0,10.0,1277819
0,5,0,7.553485554650553,5000000.0,5000000.0,10.0,1298376
0,1,0,4.479450120259813,5000000.0,5000000.0,10.0,1318859
0,4,0,7.654193550414603,5000000.0,5000000.0,10.0,1338838
0,5,0,12.743061952333203,5000000.0,5000000.0,10.0,1359540
0,0,0,24.808660493641312,5000000.0,5000000.0,10.0,1379242
0,4,0,23.914524842958784,5000000.0,5000000.0,10.0,1399770
0,0,0,1.6245606897725298,5000000.0,5000000.0,10.0,1420466
