planner,sampler,motionValidator,planning_time,pathlength,computationtime,failures,Timestamp
1,4,0,27.13866449260546,5000000.0,5000000.0,10.0,124338
6,0,0,11.477156605453748,5000000.0,5000000.0,10.0,129093
8,1,0,36.70543077905988,5000000.0,5000000.0,10.0,133853
21,1,0,44.8178890123709,5000000.0,5000000.0,10.0,138617
19,3,0,17.076014496589714,5000000.0,5000000.0,10.0,143402
18,0,0,26.526233141235426,5000000.0,5000000.0,10.0,148308
12,2,0,16.51722409662159,5000000.0,5000000.0,10.0,229220
4,2,0,42.45490781997687,5000000.0,5000000.0,10.0,234362
11,4,0,26.989446814490147,5000000.0,5000000.0,10.0,239298
11,3,0,15.69434601924104,5000000.0,5000000.0,10.0,319160
13,5,0,35.017498635249034,5000000.0,5000000.0,10.0,460001
8,3,0,28.807888904015815,5000000.0,5000000.0,10.0,464253
16,3,0,42.752365385096184,5000000.0,5000000.0,10.0,627530
19,2,0,30.008208920418863,5000000.0,5000000.0,10.0,632725
10,4,0,44.35075004511161,5000000.0,5000000.0,10.0,795315
7,3,0,20.14628864759263,5000000.0,5000000.0,10.0,800647
7,3,0,37.9910550553461,5000000.0,5000000.0,10.0,805947
8,3,0,14.451450264267317,5000000.0,5000000.0,10.0,811482
1,3,0,43.44817109639,5000000.0,5000000.0,10.0,978789
1,3,0,39.908952549277075,5000000.0,5000000.0,10.0,1140533
7,4,0,38.101144500467804,5000000.0,5000000.0,10.0,1293319
9,0,0,16.615701830614473,5000000.0,5000000.0,10.0,1298922
7,2,0,30.4102629725329,5000000.0,5000000.0,10.0,1304589
11,3,0,29.264694745835012,5000000.0,5000000.0,10.0,1427297
8,1,0,35.30967829441306,5000000.0,5000000.0,10.0,1433136
12,0,0,29.58995702125575,5000000.0,5000000.0,10.0,1552521
15,5,0,30.63627579951448,5000000.0,5000000.0,10.0,1676368
21,4,0,14.006948038002875,5000000.0,5000000.0,10.0,1753359
19,3,0,39.10095433880927,5000000.0,5000000.0,10.0,1759235
12,4,0,28.32844260273044,5000000.0,5000000.0,10.0,1765099
8,3,0,35.78550105728363,5000000.0,5000000.0,10.0,1770985
5,0,0,27.680276623608925,5000000.0,5000000.0,10.0,1776829
21,2,0,14.987717659640879,5000000.0,5000000.0,10.0,1782701
2,1,0,13.881406178525658,5000000.0,5000000.0,10.0,1788703
16,2,0,23.6432186571013,5000000.0,5000000.0,10.0,1894901
5,4,0,37.57637925333135,5000000.0,5000000.0,10.0,2041894
17,1,0,15.091467151270425,5000000.0,5000000.0,10.0,2048141
8,0,0,35.365960265022885,5000000.0,5000000.0,10.0,2054344
15,3,0,29.3839930659963,5000000.0,5000000.0,10.0,2060514
0,5,0,44.83256030522349,5000000.0,5000000.0,10.0,2239187
7,0,0,43.2024183984375,5000000.0,5000000.0,10.0,2245419
11,5,0,27.379148076257742,5000000.0,5000000.0,10.0,2251772
10,3,0,12.560070999250797,5000000.0,5000000.0,10.0,2258229
15,4,0,16.857420236053276,5000000.0,5000000.0,10.0,2341183
3,2,0,22.639977046744292,5000000.0,5000000.0,10.0,2441287
16,0,0,17.713864473555933,5000000.0,5000000.0,10.0,2530900
1,3,0,37.09304723875914,5000000.0,5000000.0,10.0,2680718
8,3,0,40.78642174243473,5000000.0,5000000.0,10.0,2687326
3,0,0,42.735613645242815,4.7050890999999995,71457.33333333333,7.0,2866953
19,1,0,18.61614021821829,5000000.0,5000000.0,10.0,2873566
3,1,0,42.735613645242815,4.2952595,77910.0,9.0,3039741
3,0,0,42.689797358250686,6.111330225,92015.75,6.0,3232677
3,2,0,42.735613645242815,4.9745304,75383.75,6.0,3417421
3,0,0,42.73829982488369,5000000.0,5000000.0,10.0,3584224
3,0,0,42.71608669621251,4.804597425000001,77363.25,6.0,3781409
3,2,0,42.713110904195474,4.7546783999999995,98984.33333333333,7.0,3971231
3,2,0,42.72607700192616,5.732237175000001,78724.25,6.0,4170645
15,3,0,28.628121531149645,5000000.0,5000000.0,10.0,4177873
3,0,0,42.713110904195474,5.0182265,91095.0,7.0,4367818
3,2,0,42.71608669621251,6.4240741,132690.5,8.0,4593356
3,0,0,42.563866745717256,5.7601614,74418.0,9.0,4763685
3,0,0,42.506296965646946,5.448387975,89327.25,6.0,4965223
3,3,0,42.72607700192616,4.69474,76628.0,9.0,5133119
3,0,0,42.480310375727605,5.452520933333333,71087.66666666667,7.0,5316312
3,4,0,42.60936511976869,5.0471386,71358.0,8.0,5497276
3,3,0,42.510344526749456,5.71435145,75598.0,8.0,5698776
3,2,0,42.506296965646946,4.5822864,82298.33333333333,7.0,5870520
3,0,0,42.475369687356526,5.19531745,79250.75,6.0,6064379
3,2,0,42.73696067207085,5.4152205,81384.0,7.0,6236556
9,2,0,40.61392965143591,5000000.0,5000000.0,10.0,6244426
13,3,0,39.843735588713045,5000000.0,5000000.0,10.0,6252014
3,5,0,42.73696067207085,5.4092655,85407.0,8.0,6424740
3,0,0,41.164835562240185,6.1660328,82174.0,8.0,6595163
3,3,0,40.86022720947056,4.99685588,86522.4,5.0,6787834
3,4,0,40.81307493342443,8.1695452,136760.0,8.0,7059911
3,0,0,42.73666594823312,4.771440066666667,78707.33333333333,7.0,7248733
17,1,0,17.34275651382968,5000000.0,5000000.0,10.0,7256835
3,3,0,38.43832127884818,4.4394519,81076.66666666667,7.0,7437931
3,3,0,40.73728409177001,5.432824,68139.0,9.0,7619171
3,3,0,40.64688797098006,6.104068666666667,70068.0,7.0,7808958
3,3,0,38.61531620943124,4.649487,71847.5,8.0,7974606
3,3,0,40.92283685109483,5.374547,63469.5,8.0,8148131
3,3,0,39.158554522612434,5.8971506666666675,79747.33333333333,7.0,8334999
16,4,0,44.61512039361775,5000000.0,5000000.0,10.0,8343440
3,3,0,37.27611150734677,3.9078147,91049.0,9.0,8497540
3,3,0,38.105881778037165,4.528217,68019.0,9.0,8656118
3,3,0,38.09433951281723,4.139536,65004.0,9.0,8828914
3,3,0,37.986929518072685,6.1659795,74912.5,6.0,9014874
3,3,0,43.05898006618498,5.13149725,75918.5,8.0,9200507
3,3,0,43.94740089604591,5.3535770750000005,81714.25,6.0,9411671
3,3,0,40.83805347886048,7.195425,96072.0,9.0,9577340
3,3,0,44.086726625173064,5.633328000000001,100972.0,8.0,9755404
3,3,0,43.9199383155445,6.075395733333334,68542.66666666667,7.0,9941467
3,2,0,43.902738883391706,4.500544566666667,80715.66666666667,7.0,10135390
3,1,0,43.73089424642261,7.3147448,205976.5,8.0,10479266
3,4,0,45,5.42141485,84968.5,6.0,10668468
12,5,0,21.232685550621483,5000000.0,5000000.0,10.0,10677576
3,4,0,44.53084668545462,4.7250547,76089.0,9.0,10856512
3,5,0,42.94583197329726,6.223801900000001,190998.16666666666,4.0,11324814
3,5,0,42.86089697224333,5.513368,65299.0,9.0,11509264
