planner,sampler,motionValidator,planning_time,pathlength,computationtime,failures,Timestamp
16,1,0,3.2318939823112536,5000000.0,5000000.0,10.0,41997
13,2,0,2.1622930723549176,5000000.0,5000000.0,10.0,48405
5,0,0,1.09999659946239,5000000.0,5000000.0,10.0,53696
10,0,0,4.291251391968302,5000000.0,5000000.0,10.0,58761
13,3,0,3.749881190849583,5000000.0,5000000.0,10.0,63178
2,2,0,2.97726633004213,5000000.0,5000000.0,10.0,67526
17,3,0,1.8016196449999309,5000000.0,5000000.0,10.0,71800
13,1,0,1.6972835152658394,5000000.0,5000000.0,10.0,76088
20,2,0,1.106497301593214,5000000.0,5000000.0,10.0,80437
13,3,0,3.105354244314433,5000000.0,5000000.0,10.0,84694
10,5,0,2.5209439193058367,6.512069675000001,28256.25,2.0,153225
10,2,0,3.890074076532423,5000000.0,5000000.0,10.0,157506
13,4,0,4.113271756365075,6.1784883,17887.0,9.0,201920
16,2,0,2.6312941010154067,5000000.0,5000000.0,10.0,232005
6,3,0,1.9285663407587457,5000000.0,5000000.0,10.0,236396
18,1,0,1.5173257031831962,5000000.0,5000000.0,10.0,240778
18,2,0,2.3230736844311313,5000000.0,5000000.0,10.0,245159
6,5,0,4.912662410227555,6.518034,33682.0,9.0,284710
2,1,0,4.984918201664096,5000000.0,5000000.0,10.0,289345
1,0,0,3.174553994090502,8.223154424999999,26819.25,6.0,349150
5,5,0,4.489585463701245,6.581687,33063.0,9.0,388546
16,0,0,1.8141521265179374,5000000.0,5000000.0,10.0,416109
10,3,0,1.2784892065813311,5000000.0,5000000.0,10.0,420830
0,2,0,3.453502025561576,7.132821,25595.0,8.0,468585
11,4,0,4.247921725247054,5000000.0,5000000.0,10.0,473452
21,0,0,2.9712546003246674,5000000.0,5000000.0,10.0,478197
14,0,0,4.556457703402897,5000000.0,5000000.0,10.0,482968
19,4,0,2.7012475302121395,5000000.0,5000000.0,10.0,584267
18,3,0,2.199348390330992,5000000.0,5000000.0,10.0,589216
12,2,0,1.1520060510016483,5000000.0,5000000.0,10.0,614576
4,5,0,4.7082744339456095,5000000.0,5000000.0,10.0,651995
20,2,0,1.2334912651615235,5000000.0,5000000.0,10.0,656882
20,1,0,2.9420159607353344,5000000.0,5000000.0,10.0,661758
8,3,0,2.602502884979417,5000000.0,5000000.0,10.0,666853
10,2,0,2.929346315065559,5000000.0,5000000.0,10.0,671927
13,3,0,1.8301737508111757,5000000.0,5000000.0,10.0,676888
8,4,0,2.3584421552504953,5000000.0,5000000.0,10.0,704901
7,4,0,1.5656607445468271,5000000.0,5000000.0,10.0,731504
8,5,0,4.983932080181253,5000000.0,5000000.0,10.0,767520
8,3,0,1.045692597680375,5000000.0,5000000.0,10.0,771640
2,0,0,3.6230028086163624,5000000.0,5000000.0,10.0,775693
8,0,0,3.9420998952113617,5000000.0,5000000.0,10.0,779731
8,0,0,3.074637828755361,5000000.0,5000000.0,10.0,783923
0,4,0,4.226609358485459,7.79001635,28548.75,6.0,841718
12,4,0,3.8775360719738905,5000000.0,5000000.0,10.0,845946
21,4,0,1.4482758816988892,5000000.0,5000000.0,10.0,873151
3,3,0,4.294311429072502,7.8262771,32958.142857142855,3.0,947545
20,4,0,2.683083369423942,5000000.0,5000000.0,10.0,979867
17,3,0,3.106342844092768,5000000.0,5000000.0,10.0,984275
21,5,0,2.01407306664731,5000000.0,5000000.0,10.0,1012300
13,4,0,4.099763655851252,5000000.0,5000000.0,10.0,1051546
0,5,0,2.563756121035759,9.4134555,28017.5,8.0,1105317
10,5,0,2.5789229048201125,6.326207822222221,29920.555555555555,1.0,1189291
1,4,0,1.900818838419168,7.842368266666665,28821.0,7.0,1244327
10,5,0,2.5067805143471853,6.450392928571429,27922.85714285714,3.0,1314668
13,4,0,4.145577560069162,5.598668,28785.0,9.0,1358477
10,5,0,2.4577933713759155,6.531584150000001,27771.666666666668,4.0,1426148
13,4,0,4.154127817903218,6.767726,20622.0,9.0,1479092
5,4,0,4.135629897929464,5.663197,14157.0,9.0,1523309
5,4,0,4.139084162374973,6.730409,18575.0,9.0,1572186
3,4,0,4.237054771659949,6.910882133333335,29778.666666666668,1.0,1661582
9,4,0,3.4950341001399154,6.1064894444444455,29383.666666666668,1.0,1740702
9,4,0,3.5160803621853116,6.2982729625000005,29894.5,2.0,1821346
0,2,0,3.285850796641363,7.245659200000001,25100.666666666668,7.0,1879833
7,0,0,2.196068391323248,5000000.0,5000000.0,10.0,1884967
9,0,0,2.498132700455119,5000000.0,5000000.0,10.0,1893243
0,5,0,2.455823513654096,7.2963242,34626.666666666664,7.0,1949650
3,3,0,4.344504507109258,7.157836400000001,30796.4,5.0,2017992
9,4,0,3.503626186290459,6.67984795,26496.5,6.0,2078954
9,4,0,3.2781769321344267,6.6590444,28516.0,7.0,2129731
13,4,0,4.237054771659949,5000000.0,5000000.0,10.0,2170877
3,5,0,4.504028931326251,6.8751104,29578.375,2.0,2259027
3,4,0,4.368974427106205,7.491863177777778,32100.0,1.0,2347003
13,4,0,4.113256269196155,5000000.0,5000000.0,10.0,2387791
13,4,0,4.192730108969736,5.69631935,29484.5,8.0,2441543
1,5,0,4.173599323012915,6.82521134,27696.2,5.0,2510278
13,2,0,1.197261368901547,5000000.0,5000000.0,10.0,2515850
6,5,0,4.504028931326251,4.85006,23858.0,9.0,2559961
1,4,0,1.0649910230806328,7.5065923,32163.0,9.0,2601565
1,0,0,3.5248446851388717,7.2413696000000005,24925.5,8.0,2656133
19,2,0,2.3200380103431355,5000000.0,5000000.0,10.0,2661824
0,0,0,1.0680204535989417,8.517348,20770.0,9.0,2698766
3,4,0,2.422795318145514,7.9959048,29765.4,5.0,2768136
9,1,0,1.7688140637829761,5000000.0,5000000.0,10.0,2773851
3,4,0,4.513916702136948,8.2057905375,30809.625,2.0,2858789
0,3,0,1.0388533646538198,7.22530756,31833.0,5.0,2924872
6,2,0,2.932775372474893,5000000.0,5000000.0,10.0,2930759
1,3,0,1.039473429128315,6.1543317,25625.5,8.0,2979050
6,5,0,4.866537916611643,5.6715426,24686.0,9.0,3025103
0,3,0,1.0507909702488516,5.2615595,21537.0,9.0,3066108
3,4,0,4.248117931067349,8.2509528,33035.71428571428,3.0,3150193
1,0,0,1.0088962630595015,7.2500257,25121.0,9.0,3196738
3,4,0,1.329012182241382,8.61630825,26131.5,8.0,3244151
6,5,0,4.741706907293557,5000000.0,5000000.0,10.0,3286508
6,5,0,4.514485849746029,5000000.0,5000000.0,10.0,3328016
6,5,0,4.946092586759248,5000000.0,5000000.0,10.0,3370855
6,5,0,4.874643231797071,7.671885,21792.0,9.0,3426391
6,5,0,4.847230991258972,5000000.0,5000000.0,10.0,3470046
9,5,0,4.1848278518928845,5.657231733333333,28045.166666666668,4.0,3539397
6,5,0,4.902356289420327,5.089387,30655.0,9.0,3585886
