planner,sampler,motionValidator,planning_time,pathlength,computationtime,failures,Timestamp
5,4,0,4.6773844847705615,4.321643925,18665.25,6.0,63362
20,3,0,4.569447127661449,5000000.0,5000000.0,10.0,68067
17,4,0,1.7551598929453909,3.9125245,9235.0,9.0,96697
19,0,0,3.085357986598431,5000000.0,5000000.0,10.0,102099
13,4,0,4.6700423840857725,4.37771334,20873.6,5.0,154749
19,5,0,4.755761732837096,5000000.0,5000000.0,10.0,241422
4,2,0,1.6335558543039268,5000000.0,5000000.0,10.0,245628
16,0,0,1.7041608730854603,4.5725795,11954.666666666666,7.0,276896
0,3,0,2.363096761016265,4.388401475,16966.125,2.0,322654
13,0,0,2.285034890137781,5000000.0,5000000.0,10.0,326822
21,4,0,4.046819998901183,3.9516248333333333,18380.333333333332,7.0,365882
15,2,0,1.3127941284042839,5000000.0,5000000.0,10.0,370164
10,1,0,3.691544768995371,5000000.0,5000000.0,10.0,374589
14,0,0,1.2450798982923403,5000000.0,5000000.0,10.0,378930
8,2,0,1.7162509304711715,5000000.0,5000000.0,10.0,383290
12,4,0,2.161288291217229,5000000.0,5000000.0,10.0,387623
8,0,0,3.7716924538031877,5000000.0,5000000.0,10.0,392054
11,4,0,2.7983711711419574,5000000.0,5000000.0,10.0,396469
19,2,0,3.621987941099327,5000000.0,5000000.0,10.0,400871
13,4,0,2.5395056375100324,4.3185515,21843.0,9.0,431349
8,3,0,3.456049967393157,5000000.0,5000000.0,10.0,435980
17,3,0,1.0367531780891361,5000000.0,5000000.0,10.0,440462
8,0,0,1.2610289337938643,5000000.0,5000000.0,10.0,444931
5,5,0,1.2725099197836203,4.33922,8065.0,9.0,471194
16,0,0,2.5233579950377103,4.9042779,15427.666666666666,7.0,504914
15,4,0,3.2977879217254826,4.1470532,23832.5,8.0,543708
12,0,0,2.8130326418809597,4.534389011111111,19357.222222222223,1.0,597629
11,2,0,1.923813047609157,4.707839183333333,13351.5,4.0,633875
20,5,0,3.213527797877211,4.184737,19767.0,8.0,677493
5,5,0,3.7439963367083267,4.06337234,16472.6,5.0,720467
7,4,0,4.678912795489589,3.78018236,17301.2,5.0,764153
17,2,0,1.7260979569603925,5000000.0,5000000.0,10.0,768917
11,1,0,1.4998769688490727,5000000.0,5000000.0,10.0,793421
2,3,0,4.533540697905577,5000000.0,5000000.0,10.0,798254
2,3,0,4.296166561400797,5000000.0,5000000.0,10.0,802690
6,4,0,4.882604639216572,3.92732612,19457.2,5.0,847262
16,3,0,4.215756542661421,3.9788284,9334.0,9.0,879840
13,3,0,1.8146793815402384,5000000.0,5000000.0,10.0,883824
4,2,0,3.8343502283661066,5000000.0,5000000.0,10.0,887750
20,2,0,3.9835805787405634,5000000.0,5000000.0,10.0,891692
12,3,0,4.634345665377565,4.3736648222222225,20777.555555555555,1.0,952886
16,4,0,1.3467374503620713,5000000.0,5000000.0,10.0,956993
5,3,0,4.887264807259768,5000000.0,5000000.0,10.0,961069
1,1,0,2.8608479372317275,4.608724655555556,18653.88888888889,1.0,1014279
19,2,0,2.177052478208949,5000000.0,5000000.0,10.0,1018364
18,3,0,2.5879082517985204,5000000.0,5000000.0,10.0,1022511
13,5,0,2.175070699992212,5000000.0,5000000.0,10.0,1049457
15,2,0,1.7604441708277019,5000000.0,5000000.0,10.0,1053676
1,3,0,4.045404729147539,5.048982822222222,17081.666666666668,1.0,1104504
1,0,0,2.723396417985751,4.420331988888889,17060.444444444445,1.0,1155344
12,5,0,4.595656062735141,5000000.0,5000000.0,10.0,1163740
1,2,0,3.0331750110797215,4.455996088888889,17451.666666666668,1.0,1221963
11,2,0,1.9739731037433281,4.131759277777778,16944.0,1.0,1277819
12,0,0,4.630137221714906,4.1515027,19811.4,0.0,1342138
5,5,0,2.041743015729863,4.1874708,17377.5,8.0,1376368
12,0,0,3.3976753016222587,4.325612222222222,19610.333333333332,1.0,1439271
12,3,0,4.630137221714906,4.4034238,21464.0,3.0,1496091
17,4,0,1.8371043360956731,3.92799605,10626.0,8.0,1529452
16,1,0,1.8215387794680153,5000000.0,5000000.0,10.0,1559224
16,5,0,3.0768200165159496,5000000.0,5000000.0,10.0,1567204
17,4,0,1.7426067627541841,4.1175776,14150.0,9.0,1598371
11,5,0,1.9739731037433281,5000000.0,5000000.0,10.0,1610997
12,3,0,2.0870333877799943,3.889709285714286,24709.14285714286,3.0,1680947
12,0,0,3.464721250514203,4.218630169999999,21119.5,0.0,1751750
5,5,0,4.6809284627252,3.9695903625,19345.875,2.0,1810128
12,0,0,1.8964030811271813,4.260707685714285,20709.428571428572,3.0,1865224
16,3,0,4.204825610865657,4.222139,16487.5,8.0,1908276
5,5,0,1.986352904883547,4.10283015,11095.0,8.0,1943961
16,4,0,1.9521113606707021,5000000.0,5000000.0,10.0,1952510
20,0,0,4.139954598077375,5000000.0,5000000.0,10.0,1960988
14,4,0,4.0557551276601504,4.426376449999999,20058.333333333332,4.0,2013642
0,5,0,3.2828638037855478,4.4528343125,13950.75,2.0,2060533
13,4,0,2.4567257955006987,4.5807347,26986.0,9.0,2096854
12,4,0,1.8277372026199208,5000000.0,5000000.0,10.0,2105796
5,5,0,4.735419934498539,4.076489759999999,16881.2,5.0,2154201
14,5,0,4.012864603401384,4.17178395,16834.666666666668,4.0,2205025
16,0,0,3.165822943473792,4.67235365,14841.25,6.0,2246428
14,5,0,4.324876886378228,3.7237901333333334,23950.333333333332,7.0,2303726
12,4,0,1.837531992513949,5000000.0,5000000.0,10.0,2313193
0,3,0,1.8541615347956397,5.095140733333333,25156.333333333332,1.0,2389921
14,0,0,1.844803769947302,5000000.0,5000000.0,10.0,2401068
16,3,0,3.046786163941155,5000000.0,5000000.0,10.0,2437880
1,2,0,1.8491875004588172,4.310015255555555,18188.88888888889,1.0,2496081
12,0,0,4.606135668210715,4.37784059,21247.1,0.0,2565267
8,2,0,4.322740117177151,5000000.0,5000000.0,10.0,2570850
5,3,0,2.675824312148288,5000000.0,5000000.0,10.0,2579806
21,0,0,2.5926086606052503,5000000.0,5000000.0,10.0,2588942
12,0,0,2.588351436109556,3.9839016000000007,19624.0,1.0,2651059
12,0,0,2.8756514791894032,4.304148628571428,21308.571428571428,3.0,2710769
6,5,0,3.1889298397779577,4.018123883333334,19145.666666666668,4.0,2764899
2,3,0,4.061173781108909,5000000.0,5000000.0,10.0,2770713
12,5,0,4.4562248526556125,5000000.0,5000000.0,10.0,2780073
12,0,0,4.407641960603687,4.17099518,19098.2,0.0,2843735
16,0,0,3.5602779744417665,4.165783233333333,16806.333333333332,7.0,2886270
12,2,0,4.693087557693772,4.2392285625,22531.875,2.0,2949958
12,2,0,2.0560064434815897,4.266141157142857,21238.714285714286,3.0,3010903
12,0,0,4.270621467077143,4.13795045,22362.2,0.0,3082454
16,5,0,1.6996482439002023,5000000.0,5000000.0,10.0,3093973
14,3,0,2.4430044726147906,5000000.0,5000000.0,10.0,3103651
12,0,0,4.459371329056547,4.35187339,21625.1,0.0,3170382
