planner,sampler,motionValidator,planning_time,pathlength,computationtime,failures,Timestamp
11,3,0,20.823355380599324,5000000.0,5000000.0,10.0,79593
7,0,0,6.218889501294278,5000000.0,5000000.0,10.0,88609
17,0,0,24.68880945027201,5000000.0,5000000.0,10.0,97560
8,2,0,37.892588235075934,5000000.0,5000000.0,10.0,106660
15,3,0,5.397667095745778,5000000.0,5000000.0,10.0,115996
12,4,0,38.626933737593696,5000000.0,5000000.0,10.0,125272
10,2,0,20.907552248073316,5000000.0,5000000.0,10.0,134481
9,2,0,30.057855670663102,5000000.0,5000000.0,10.0,143675
14,4,0,11.450811308484093,5000000.0,5000000.0,10.0,195626
14,5,1,15.430622824062414,5000000.0,5000000.0,10.0,259539
7,4,1,9.406205861177824,5000000.0,5000000.0,10.0,305204
17,2,0,12.823755923825454,5000000.0,5000000.0,10.0,314662
20,2,0,3.292843003454526,5000000.0,5000000.0,10.0,324076
19,1,0,5.044814214745515,5000000.0,5000000.0,10.0,333607
8,3,0,17.215954604707363,5000000.0,5000000.0,10.0,343207
11,1,1,21.717689926076496,366.69909399999995,7461.8,0.0,374669
2,0,1,39.342076410304564,5000000.0,5000000.0,10.0,384398
14,1,1,16.18767200599855,5000000.0,5000000.0,10.0,394069
6,4,0,17.033911217782638,5000000.0,5000000.0,10.0,463937
6,3,1,20.289132925099047,5000000.0,5000000.0,10.0,473699
4,0,1,29.04374238819388,5000000.0,5000000.0,10.0,483527
4,2,0,15.44165519865638,5000000.0,5000000.0,10.0,493439
21,5,1,35.23850812874369,5000000.0,5000000.0,10.0,617500
4,0,0,11.315863814364391,5000000.0,5000000.0,10.0,627553
7,4,1,6.389819127315064,5000000.0,5000000.0,10.0,664393
15,3,1,14.783265160340044,5000000.0,5000000.0,10.0,674474
18,3,0,29.978266188313594,5000000.0,5000000.0,10.0,684558
18,5,0,11.230884688789425,5000000.0,5000000.0,10.0,736676
0,2,0,14.377636419852662,5000000.0,5000000.0,10.0,798483
0,2,0,34.19700541654355,5000000.0,5000000.0,10.0,920182
15,1,1,30.915529337490675,5000000.0,5000000.0,10.0,930555
17,2,1,9.459438160489388,5000000.0,5000000.0,10.0,941092
7,3,0,9.244853882469698,5000000.0,5000000.0,10.0,951558
13,1,0,7.596120372316238,5000000.0,5000000.0,10.0,962032
11,0,0,8.232894816470642,5000000.0,5000000.0,10.0,1006413
3,2,1,2.0421796883029613,5000000.0,5000000.0,10.0,1032324
19,1,1,20.135179108341003,5000000.0,5000000.0,10.0,1042919
21,5,1,22.46998164950318,5000000.0,5000000.0,10.0,1129250
13,2,0,15.31314327460143,5000000.0,5000000.0,10.0,1140185
8,1,0,12.33022023764793,5000000.0,5000000.0,10.0,1151125
2,5,1,39.41003192296511,5000000.0,5000000.0,10.0,1289705
7,2,1,36.85337288225648,5000000.0,5000000.0,10.0,1300641
1,4,0,32.265433605690106,5000000.0,5000000.0,10.0,1417403
12,1,0,33.99043599645042,5000000.0,5000000.0,10.0,1538598
2,3,0,23.040216052790495,5000000.0,5000000.0,10.0,1549397
6,5,0,26.98919556996106,5000000.0,5000000.0,10.0,1650673
11,1,0,27.274026338687417,5000000.0,5000000.0,10.0,1752134
16,3,1,9.402990981582679,413.84520599999996,8945.2,5.0,1797199
19,2,0,8.595782581164393,5000000.0,5000000.0,10.0,1808381
15,4,0,4.9726767850328875,5000000.0,5000000.0,10.0,1843147
16,3,1,3.7597697565026027,359.15934,5670.666666666667,7.0,1877535
11,1,1,21.805983062074795,365.99297199999995,11246.3,0.0,1931641
11,1,1,21.731381544267734,368.948263,10829.3,0.0,1986268
11,1,1,21.36038256789743,371.53813699999995,6836.3,0.0,2027831
11,1,1,2.1138472921021676,370.9530675,3890.0,6.0,2057027
16,3,1,9.385622658337304,374.33630000000005,8501.6,5.0,2100971
11,1,1,2.233587437794709,365.251164,4163.6,5.0,2132046
11,1,1,27.369559586318193,381.4571633333333,8340.666666666666,1.0,2179619
11,0,1,21.08244460387592,362.83815599999997,5584.8,0.0,2212793
11,0,1,20.650234420190937,376.792933,5328.7,0.0,2245506
15,3,0,28.266071216444743,5000000.0,5000000.0,10.0,2257460
11,0,1,22.747414136302314,367.32966,5369.3,0.0,2289654
16,3,1,5.219066086152035,370.7488166666667,6349.0,7.0,2328308
11,2,1,2.233587437794709,367.6741085714286,4116.142857142857,3.0,2358805
11,5,1,27.945671437996992,5000000.0,5000000.0,10.0,2375304
16,3,1,9.598554316672786,361.2790485714286,9061.857142857143,3.0,2419799
11,3,1,15.50485126869662,364.234439,5361.1,0.0,2451916
11,3,1,15.826631936990673,369.04779900000005,5563.5,0.0,2484673
11,4,1,21.033224577549575,5000000.0,5000000.0,10.0,2501618
0,2,0,32.69489435775584,5000000.0,5000000.0,10.0,2620526
11,2,1,20.80614070665647,365.17900299999997,8208.3,0.0,2661818
6,3,1,19.636207969306998,5000000.0,5000000.0,10.0,2674258
6,3,0,27.61539374102467,5000000.0,5000000.0,10.0,2686481
11,1,1,27.760042241714963,379.7945811111111,11376.444444444445,1.0,2746625
11,0,1,27.823066254041656,366.02928900000006,6793.4,0.0,2783046
11,3,1,21.08244460387592,360.657755,4762.9,0.0,2813830
11,0,1,20.80614070665647,379.593717,6112.7,0.0,2848387
11,3,1,27.898168188431224,369.72674500000005,6479.9,0.0,2883786
21,5,0,18.004211193365624,5000000.0,5000000.0,10.0,2959539
11,0,1,27.934286106108534,360.82704899999993,4646.0,0.0,2990247
11,0,1,16.105617543559276,377.577649,5521.8,0.0,3023143
11,3,1,20.96332041301179,367.8449810000001,5935.4,0.0,3057990
11,3,1,27.934286106108534,363.85060599999997,4765.0,0.0,3089588
11,2,1,24.943593122258093,383.42302799999993,5403.4,0.0,3122624
16,3,1,17.267966702988197,376.88595875,12313.625,2.0,3183299
16,3,1,22.77971122365162,363.3447985714286,11796.857142857143,3.0,3247256
4,3,1,29.885158888673047,5000000.0,5000000.0,10.0,3260734
16,3,1,28.357461322114993,361.22990285714286,12980.285714285714,3.0,3329532
11,3,1,20.978685782031427,366.522239,5969.0,0.0,3364183
11,5,1,21.15911539317892,5000000.0,5000000.0,10.0,3382283
16,3,1,28.653327218704096,366.058447,12431.2,0.0,3434951
16,3,1,31.906212991693288,361.2298916666667,12313.5,4.0,3492825
11,3,1,28.948355751283398,366.155137,5703.3,0.0,3528317
11,3,1,28.986754819751386,363.774095,4561.2,0.0,3560871
11,3,1,28.973162134464392,369.20323700000006,4698.2,0.0,3592532
11,3,1,30.720171339772925,369.58041600000007,5645.4,0.0,3626846
11,3,1,29.53888946200936,366.988381,5001.7,0.0,3659616
2,5,0,16.640320047400202,5000000.0,5000000.0,10.0,3733234
11,0,1,21.013152341238698,371.784347,6004.1,0.0,3769625
11,2,1,20.650234420190937,369.56261,7006.6,0.0,3807344
