planner,sampler,motionValidator,planning_time,pathlength,computationtime,failures,Timestamp
16,2,0,28.488597102033303,5000000.0,5000000.0,10.0,16350
8,5,0,58.94438999523326,5000000.0,5000000.0,10.0,33038
3,0,0,57.95572858112547,5000000.0,5000000.0,10.0,49514
19,5,0,58.60764391691903,5000000.0,5000000.0,10.0,66302
16,4,0,30.97124364435653,5000000.0,5000000.0,10.0,71123
21,3,0,39.19337309123972,5000000.0,5000000.0,10.0,76049
15,1,0,26.81463045751641,5000000.0,5000000.0,10.0,80968
8,5,0,35.30899686176628,5000000.0,5000000.0,10.0,97578
19,1,0,34.81815077430913,5000000.0,5000000.0,10.0,104284
11,2,0,29.472038098525342,5000000.0,5000000.0,10.0,119698
18,2,0,54.08084155490518,5000000.0,5000000.0,10.0,124645
12,4,0,58.17457415887065,5000000.0,5000000.0,10.0,129929
18,4,0,31.61935208003893,5000000.0,5000000.0,10.0,145538
5,5,0,51.54052071684532,5000000.0,5000000.0,10.0,161234
2,2,0,32.024102642656004,5000000.0,5000000.0,10.0,166554
21,5,0,38.01907842062492,5000000.0,5000000.0,10.0,182298
5,0,0,56.91916972852678,5000000.0,5000000.0,10.0,187730
17,0,0,57.09890752587414,5000000.0,5000000.0,10.0,193092
6,0,0,55.428977643427174,5000000.0,5000000.0,10.0,199601
15,4,0,50.85472879024647,5000000.0,5000000.0,10.0,215658
13,2,0,25.510653433763732,5000000.0,5000000.0,10.0,221489
11,1,0,56.61966712954808,5000000.0,5000000.0,10.0,237730
4,5,0,57.197068137246085,5000000.0,5000000.0,10.0,254089
12,4,0,42.601650186240064,5000000.0,5000000.0,10.0,259964
3,4,0,25.216545889611815,5000000.0,5000000.0,10.0,276269
12,1,0,34.87958140668939,5000000.0,5000000.0,10.0,292546
8,5,0,34.581003796792714,5000000.0,5000000.0,10.0,308766
1,3,0,44.109812286640114,5000000.0,5000000.0,10.0,325606
13,2,0,34.23588108979846,5000000.0,5000000.0,10.0,331745
12,0,0,43.514402933310016,5000000.0,5000000.0,10.0,348433
4,3,0,40.390658937754324,5000000.0,5000000.0,10.0,354478
11,3,0,37.22779558062194,5000000.0,5000000.0,10.0,371718
6,4,0,29.14603477193648,5000000.0,5000000.0,10.0,386994
21,2,0,42.892771144706586,5000000.0,5000000.0,10.0,392186
11,2,0,50.40787462299946,5000000.0,5000000.0,10.0,407778
9,2,0,32.77349776871609,5000000.0,5000000.0,10.0,412960
11,1,0,33.77403287378506,5000000.0,5000000.0,10.0,428754
13,1,0,29.668882291998443,5000000.0,5000000.0,10.0,433884
16,3,0,40.917007335588906,5000000.0,5000000.0,10.0,449830
16,1,0,27.79567224692677,5000000.0,5000000.0,10.0,465654
2,1,0,31.982643863855355,5000000.0,5000000.0,10.0,471123
7,1,0,41.21614504485297,5000000.0,5000000.0,10.0,476850
18,0,0,25.64431612247952,5000000.0,5000000.0,10.0,482236
0,2,0,35.60286327164639,5000000.0,5000000.0,10.0,498310
3,5,0,51.26827506408755,5000000.0,5000000.0,10.0,514397
17,0,0,33.60632532063173,5000000.0,5000000.0,10.0,520312
12,4,0,28.853145175406738,5000000.0,5000000.0,10.0,526455
0,4,0,41.759000339427175,5000000.0,5000000.0,10.0,541034
5,4,0,40.565034602546376,5000000.0,5000000.0,10.0,556526
15,2,0,55.843096190657285,5000000.0,5000000.0,10.0,561594
0,5,0,58.348805551248546,5000000.0,5000000.0,10.0,582218
0,4,0,39.486880254585905,5000000.0,5000000.0,10.0,603050
0,4,0,52.333547854761555,5000000.0,5000000.0,10.0,623677
0,2,0,58.17026690875502,5000000.0,5000000.0,10.0,644172
0,4,0,27.797626170032274,5000000.0,5000000.0,10.0,665328
0,5,0,34.63044753989929,5000000.0,5000000.0,10.0,686367
0,4,0,31.4970357760739,5000000.0,5000000.0,10.0,706942
0,4,0,29.13804618273042,5000000.0,5000000.0,10.0,728606
0,2,0,58.58452187140439,5000000.0,5000000.0,10.0,748876
0,5,0,41.38978228035839,5000000.0,5000000.0,10.0,772082
0,2,0,37.20561980435869,5000000.0,5000000.0,10.0,792818
0,4,0,48.23111129686765,5000000.0,5000000.0,10.0,813578
0,2,0,58.64547129118999,5000000.0,5000000.0,10.0,834342
0,3,0,55.694903759151636,5000000.0,5000000.0,10.0,855734
0,4,0,58.057276272784414,5000000.0,5000000.0,10.0,876585
0,3,0,45.294930021321285,5000000.0,5000000.0,10.0,896943
0,4,0,54.570201123776215,5000000.0,5000000.0,10.0,923046
0,4,0,37.47701036465412,5000000.0,5000000.0,10.0,944022
0,4,0,58.14260959001048,5000000.0,5000000.0,10.0,964970
15,2,0,42.32330381087,5000000.0,5000000.0,10.0,970276
0,2,0,58.64663512007063,5000000.0,5000000.0,10.0,991453
0,2,0,52.83920194906083,5000000.0,5000000.0,10.0,1016090
0,0,0,55.28799314924929,5000000.0,5000000.0,10.0,1036645
0,3,0,50.87313499975217,5000000.0,5000000.0,10.0,1057638
0,3,0,46.717927542289885,5000000.0,5000000.0,10.0,1078418
0,2,0,33.00353921157616,5000000.0,5000000.0,10.0,1101159
0,2,0,36.260854931765245,5000000.0,5000000.0,10.0,1121986
0,1,0,56.56174004738719,5000000.0,5000000.0,10.0,1142501
0,1,0,40.73476586041148,5000000.0,5000000.0,10.0,1166510
0,2,0,39.525674787101465,5000000.0,5000000.0,10.0,1187702
0,1,0,53.51220624346589,5000000.0,5000000.0,10.0,1208362
4,4,0,44.423357188830735,5000000.0,5000000.0,10.0,1224270
0,4,0,56.31075290304632,5000000.0,5000000.0,10.0,1247512
10,4,0,50.59893781763638,5000000.0,5000000.0,10.0,1265610
0,1,0,49.7646298849899,5000000.0,5000000.0,10.0,1286216
0,1,0,50.36898362193351,5000000.0,5000000.0,10.0,1310958
0,3,0,32.69452889637806,5000000.0,5000000.0,10.0,1334791
0,3,0,33.38150366696267,5000000.0,5000000.0,10.0,1358798
0,4,0,43.70311773379194,5000000.0,5000000.0,10.0,1382482
14,1,0,41.02113570187901,5000000.0,5000000.0,10.0,1387861
0,5,0,29.032086786074213,5000000.0,5000000.0,10.0,1409047
0,5,0,31.51889710355204,5000000.0,5000000.0,10.0,1429830
0,5,0,44.663510285221264,5000000.0,5000000.0,10.0,1454502
0,0,0,49.71085877586467,5000000.0,5000000.0,10.0,1475098
0,4,0,27.67489035891897,5000000.0,5000000.0,10.0,1496306
0,2,0,32.520293052165385,5000000.0,5000000.0,10.0,1517454
0,5,0,48.31889195097648,5000000.0,5000000.0,10.0,1542770
0,0,0,58.74443096397261,5000000.0,5000000.0,10.0,1563642
0,0,0,26.405762843571683,5000000.0,5000000.0,10.0,1584630
0,2,0,55.47467017569191,5000000.0,5000000.0,10.0,1605770
