planner,sampler,motionValidator,planning_time,pathlength,computationtime,failures,Timestamp
6,3,0,3.920629807842714,5000000.0,5000000.0,10.0,6554
11,5,0,1.9179421755278834,5000000.0,5000000.0,10.0,12856
21,3,0,2.206531656621705,5000000.0,5000000.0,10.0,19153
16,1,0,1.274057175498454,5000000.0,5000000.0,10.0,48159
20,5,0,4.729468920628318,6.22257,32750.0,9.0,95353
7,5,0,2.2478259796446576,5000000.0,5000000.0,10.0,128302
17,2,0,3.2917093537029665,5000000.0,5000000.0,10.0,134916
12,3,0,3.8222708827648693,6.704169,33408.0,9.0,175987
6,5,0,3.9383300320739654,5.9522085,26197.0,9.0,220462
21,5,0,4.773079445908113,5000000.0,5000000.0,10.0,261844
11,1,0,4.177250034329509,5000000.0,5000000.0,10.0,299773
1,1,0,1.4860552398910079,5000000.0,5000000.0,10.0,331759
10,5,0,1.97495630942681,6.1427510000000005,21541.666666666668,7.0,379504
5,2,0,4.447761169111179,5000000.0,5000000.0,10.0,386673
13,1,0,3.42289452769572,5000000.0,5000000.0,10.0,393575
6,0,0,4.741015809257069,5000000.0,5000000.0,10.0,400650
0,5,0,2.4898846666006853,7.022300725,29890.75,6.0,464273
7,5,0,4.987828898553767,5000000.0,5000000.0,10.0,504976
10,5,0,3.7756466394015877,6.152277122222221,29117.0,1.0,587155
1,2,0,1.966556512702546,7.495419399999999,25044.333333333332,7.0,643741
13,0,0,3.859784406296274,5000000.0,5000000.0,10.0,651137
20,4,0,2.9660973790161567,5000000.0,5000000.0,10.0,686513
19,4,0,3.933707765506142,5000000.0,5000000.0,10.0,807128
14,0,0,3.02987557943358,5000000.0,5000000.0,10.0,814253
14,3,0,4.862574008818386,5000000.0,5000000.0,10.0,821747
9,4,0,2.704284268509235,5.93291856,27703.2,5.0,884209
21,3,0,4.1850442936402565,5000000.0,5000000.0,10.0,891456
6,4,0,1.3992027820076012,5000000.0,5000000.0,10.0,921503
14,2,0,2.7127642177207036,5000000.0,5000000.0,10.0,929353
6,4,0,1.5716032024431406,5000000.0,5000000.0,10.0,959968
5,0,0,2.961342911771963,5000000.0,5000000.0,10.0,967210
14,2,0,2.6839373425917987,5000000.0,5000000.0,10.0,974883
2,2,0,1.6829276391151273,5000000.0,5000000.0,10.0,982467
13,3,0,3.037192036370075,5000000.0,5000000.0,10.0,990202
0,3,0,2.963184221100759,7.5501325,26660.0,6.0,1050271
14,5,0,1.6935229610915141,5000000.0,5000000.0,10.0,1081800
7,2,0,2.9217331733586933,5000000.0,5000000.0,10.0,1089651
1,5,0,4.281413340293433,8.533841650000001,33944.166666666664,4.0,1169633
9,2,0,2.370699853100157,5000000.0,5000000.0,10.0,1177758
10,3,0,3.9395190854824222,5000000.0,5000000.0,10.0,1185953
10,2,0,2.4181858142351595,5000000.0,5000000.0,10.0,1194139
20,0,0,2.2261016784343335,5000000.0,5000000.0,10.0,1202400
8,0,0,4.223307805169121,5000000.0,5000000.0,10.0,1210466
20,3,0,4.051382187414978,5000000.0,5000000.0,10.0,1218794
5,1,0,3.7386149804236215,5000000.0,5000000.0,10.0,1226660
10,0,0,2.739238828163655,5000000.0,5000000.0,10.0,1234772
5,3,0,1.2434735636634286,5000000.0,5000000.0,10.0,1242989
2,3,0,2.4883091789880303,5000000.0,5000000.0,10.0,1251114
14,2,0,2.6328684230674804,5000000.0,5000000.0,10.0,1259564
16,5,0,2.7698778259022068,5000000.0,5000000.0,10.0,1267936
10,5,0,1.9648967947562204,6.01190672,23591.2,5.0,1328961
1,5,0,4.005464224375341,7.6915977333333325,34521.0,4.0,1416372
1,2,0,1.9640749911499085,8.6260052,32704.6,5.0,1494218
9,4,0,2.702195792704332,6.38013735,23091.0,6.0,1553103
1,1,0,1.9570888411761342,5.96698465,22107.5,8.0,1604162
1,1,0,1.938903353204973,7.562949,24397.0,9.0,1654276
1,1,0,1.9270751424887425,8.021255,34524.0,9.0,1701508
9,4,0,2.7049452419927036,6.162785033333333,29818.166666666668,4.0,1777318
1,5,0,3.3611892055638743,6.4612639750000005,30407.0,6.0,1840064
20,5,0,4.6388085409693165,6.7297797,18306.0,9.0,1893742
1,1,0,2.0183162135791797,5000000.0,5000000.0,10.0,1936155
0,5,0,2.689133514387325,8.423438,23157.0,8.0,1990463
10,5,0,2.4169960689696035,6.2772772875,29939.625,2.0,2077923
9,4,0,2.5131408794515018,6.057668475,29584.75,6.0,2139151
6,5,0,4.457811485028559,5000000.0,5000000.0,10.0,2184410
6,5,0,3.9613390181784283,5000000.0,5000000.0,10.0,2228074
1,1,0,1.9968349875284876,8.721249499999999,24487.5,8.0,2285268
10,5,0,4.2034155597266185,7.026592439999999,31471.8,0.0,2383593
10,5,0,4.744702176228692,6.954455869999999,31288.3,0.0,2483015
20,5,0,3.6815506892446215,5000000.0,5000000.0,10.0,2528251
10,5,0,3.7509230162157783,6.48431455,28282.0,2.0,2611656
20,5,0,4.744702176228692,5000000.0,5000000.0,10.0,2659317
3,2,0,4.679361015554119,7.676146644444444,31117.11111111111,1.0,2753087
20,5,0,4.6612348107124095,5000000.0,5000000.0,10.0,2799241
3,2,0,4.502224172162052,7.4858306,30205.85714285714,3.0,2883644
1,5,0,2.024413651311921,6.17710544,32836.4,5.0,2953762
12,3,0,3.832390435501851,5000000.0,5000000.0,10.0,2997579
10,5,0,3.8882042827838705,6.222088909999999,30010.7,0.0,3094777
3,1,0,4.548745225020843,7.266478966666667,31122.833333333332,4.0,3177420
12,3,0,3.8097921868668747,6.502894850000001,27307.0,8.0,3235635
12,3,0,3.809014318528305,4.926345,25554.0,9.0,3286911
12,3,0,3.801435938954291,5.785301,21599.0,9.0,3342962
12,5,0,3.8197318604073445,5000000.0,5000000.0,10.0,3356180
12,3,0,3.82174056424226,5000000.0,5000000.0,10.0,3399757
6,5,0,3.9381810112365803,5000000.0,5000000.0,10.0,3443954
3,5,0,3.912970468454448,8.2222395875,33850.375,2.0,3535749
2,0,0,2.3638514783756994,5000000.0,5000000.0,10.0,3545372
12,4,0,3.7881347924393873,5000000.0,5000000.0,10.0,3558787
20,5,0,4.728797008132567,5.8640757,19950.0,9.0,3616630
5,5,0,2.780589050577567,5000000.0,5000000.0,10.0,3654296
9,5,0,4.572887192692262,5.73409209,29203.8,0.0,3748658
9,5,0,4.664923297582657,6.095988350000001,34579.25,2.0,3847685
20,5,0,4.6990983278405665,6.349357,18818.0,9.0,3905455
18,2,0,2.1555836010491367,5000000.0,5000000.0,10.0,3915431
20,5,0,4.677818493547374,4.876611,28631.0,9.0,3969545
20,5,0,4.594146899060472,5000000.0,5000000.0,10.0,4017724
20,5,0,4.664923297582657,5000000.0,5000000.0,10.0,4066684
3,5,0,3.862737724615124,6.708083216666666,31156.666666666668,4.0,4146374
9,5,0,4.342043969615142,6.12703304,28739.8,5.0,4221877
0,3,0,2.9637196754270265,8.391732875,32416.5,6.0,4300896
