planner,sampler,motionValidator,planning_time,pathlength,computationtime,failures,Timestamp
1,5,0,2.2176376547247365,8.370325611111111,10286.555555555555,1.0,34637
1,4,0,4.496494997653197,7.00357068,11621.0,0.0,75458
20,3,0,2.018785664681751,5000000.0,5000000.0,10.0,81532
11,3,0,4.965366892710876,7.2285863599999995,7148.1,0.0,108289
2,3,0,3.461177082838474,5000000.0,5000000.0,10.0,114416
4,5,0,3.1082691096485013,5000000.0,5000000.0,10.0,145490
6,2,0,3.680484867435111,5000000.0,5000000.0,10.0,151751
21,2,0,1.6627234572897076,5000000.0,5000000.0,10.0,158032
8,4,0,2.2805399665930146,5000000.0,5000000.0,10.0,186193
12,5,0,1.276994405512211,5000000.0,5000000.0,10.0,192592
21,0,0,3.4822078247692487,5000000.0,5000000.0,10.0,199181
19,1,0,1.9940135277744768,5000000.0,5000000.0,10.0,205811
2,4,0,3.7018236181539574,10.10871603,6738.1,0.0,231507
5,5,0,1.4224392660654543,6.1216254,6437.0,9.0,257594
17,5,0,1.0570901485913309,5000000.0,5000000.0,10.0,282786
19,2,0,4.917894337712616,5000000.0,5000000.0,10.0,289364
2,1,0,3.47256285060046,5000000.0,5000000.0,10.0,295938
10,5,0,3.2864093235479346,5.87034406,6170.7,0.0,320218
20,2,0,1.1054369667464843,5000000.0,5000000.0,10.0,326942
21,0,0,4.606175837537429,5000000.0,5000000.0,10.0,333661
2,3,0,2.370619893762928,5000000.0,5000000.0,10.0,340428
9,4,0,1.5334983646376674,8.150935322222223,6602.666666666667,1.0,366177
16,4,0,4.878427575386107,5000000.0,5000000.0,10.0,373030
9,1,0,4.81569248738513,5000000.0,5000000.0,10.0,379878
0,2,0,3.937576415502708,7.954149129999999,7489.8,0.0,408231
15,3,0,3.6820789034599226,5000000.0,5000000.0,10.0,415186
2,1,0,4.340722053030044,5000000.0,5000000.0,10.0,422121
9,3,0,3.9937874826310695,5000000.0,5000000.0,10.0,429086
19,1,0,3.721464728673852,5000000.0,5000000.0,10.0,436274
13,2,0,1.387666699299684,5000000.0,5000000.0,10.0,443337
8,0,0,3.548677184553111,5000000.0,5000000.0,10.0,450377
21,0,0,2.102301025612359,5000000.0,5000000.0,10.0,457444
19,4,0,3.449249820483364,5000000.0,5000000.0,10.0,550266
16,2,0,1.5477361319419478,6.9442463,7161.0,9.0,577880
18,4,0,1.0197450924929485,5000000.0,5000000.0,10.0,603292
16,4,0,1.7472423586576709,5000000.0,5000000.0,10.0,610498
0,3,0,4.529370213057826,10.0625806,7510.8,0.0,640041
10,3,0,1.8315537582191292,5000000.0,5000000.0,10.0,647376
8,2,0,3.855392681668367,5000000.0,5000000.0,10.0,654752
9,4,0,4.864783355580956,8.93388707,7248.1,0.0,682832
1,5,0,4.598527898312446,6.44363067,12128.8,0.0,725173
14,0,0,1.545083179914743,5000000.0,5000000.0,10.0,732670
20,1,0,1.0102952850212714,5000000.0,5000000.0,10.0,740202
2,1,0,1.8996227939682153,5000000.0,5000000.0,10.0,747755
16,5,0,2.214221725040294,5000000.0,5000000.0,10.0,755371
14,4,0,2.123381437656426,12.624782666666666,6486.333333333333,7.0,784509
21,4,0,2.764495510151654,6.5817847,8675.5,8.0,818597
12,1,0,3.0048229064118064,5000000.0,5000000.0,10.0,851733
12,2,0,2.3824551864529666,14.076894759999998,8307.4,5.0,882750
4,1,0,1.9379137630537113,5000000.0,5000000.0,10.0,890559
10,5,0,3.2493263956755407,5.83721409,6285.1,0.0,919777
2,4,0,3.7136080282838306,10.69853444,6990.6,0.0,951170
9,4,0,5,10.391832599999999,7186.7,0.0,982684
16,2,0,1.5536976096643151,6.523064,6398.0,9.0,1014737
10,4,0,3.9782861301621515,5.72625891,6181.6,0.0,1045297
10,5,0,3.1288076814088988,5.81296967,6320.1,0.0,1075314
10,4,0,4.899259138059458,5.643145050000001,6375.4,0.0,1104960
9,4,0,4.886981504593414,9.114001429999998,6712.0,0.0,1136067
5,4,0,1.226253260092968,5000000.0,5000000.0,10.0,1163830
17,0,0,1.0256991050984063,5000000.0,5000000.0,10.0,1172147
0,3,0,3.7047294983508525,7.38053581111111,7087.444444444444,1.0,1206450
11,3,0,4.959996444937664,6.45603486,6759.5,0.0,1238133
9,4,0,4.8502883733141156,9.60359846,6802.4,0.0,1269405
5,5,0,1.431810461730254,7.28571555,7261.0,8.0,1301285
13,4,0,4.86750030649878,28.3607826,9572.6,5.0,1343552
12,2,0,2.4127450662841725,14.882962599999999,7808.0,5.0,1379608
21,4,0,2.7864923358953675,5000000.0,5000000.0,10.0,1417938
14,4,0,2.7534270901435107,17.475559233333332,6606.0,7.0,1454328
10,5,0,3.3463842262455534,5.195393770000001,6208.7,0.0,1484383
1,0,0,2.4894810080133345,8.32089607,9523.1,0.0,1521572
1,2,0,4.881717428409372,7.5599416999999995,12134.666666666666,1.0,1570013
10,1,0,1.982326007864692,5000000.0,5000000.0,10.0,1578834
10,3,0,4.126279832356409,5000000.0,5000000.0,10.0,1591381
12,3,0,4.937402874497225,14.954127333333332,10056.333333333334,1.0,1632460
2,5,0,3.7018236181539574,10.112876369999999,7291.6,0.0,1665709
9,5,0,2.2251361793253643,7.659328133333334,6287.888888888889,1.0,1693447
4,0,0,3.2809710217298016,5000000.0,5000000.0,10.0,1702575
10,4,0,3.86012124136226,5.17072986,6396.3,0.0,1733966
1,0,0,2.3430388346974205,7.3774552700000005,9483.8,0.0,1774331
5,4,0,1.5479572495633178,6.7029440000000005,6060.5,8.0,1807802
14,2,0,1.5485983198414506,5000000.0,5000000.0,10.0,1820690
10,5,0,4.926535504850697,5.04912429,6205.9,0.0,1851503
9,4,0,1.5500306184622592,7.753265166666667,6569.0,1.0,1883619
14,4,0,2.2159791733987273,5000000.0,5000000.0,10.0,1920466
19,4,0,4.740340462095974,5000000.0,5000000.0,10.0,2020439
2,5,0,3.919280578291651,9.83532971,6945.8,0.0,2053503
10,2,0,3.9548053929759406,5000000.0,5000000.0,10.0,2066685
21,4,0,4.886981504593414,5.936145333333333,11357.0,7.0,2113669
10,4,0,4.012137215086291,5.441246989999999,6225.9,0.0,2144722
14,4,0,2.7378525090955983,17.61820133333333,7404.0,4.0,2181031
0,2,0,3.802014647129022,8.812809929999998,8417.1,0.0,2217797
12,2,0,4.585217092743092,14.059715666666667,8837.666666666666,1.0,2257217
5,4,0,2.217522485143315,5000000.0,5000000.0,10.0,2293353
10,4,0,4.024468141279826,5.68961851,6307.5,0.0,2325015
10,5,0,4.623756375726447,4.96646111,6269.0,0.0,2356692
21,4,0,2.404163756886443,5000000.0,5000000.0,10.0,2395011
10,4,0,3.951209483070905,5.68612478,6341.1,0.0,2426942
10,5,0,4.328908779595664,5.88781816,6363.7,0.0,2459101
9,5,0,4.27114005307065,8.367530930000001,6905.1,0.0,2492418
12,2,0,1.4199845652939922,13.02103475,7755.333333333333,4.0,2529579
