planner,sampler,motionValidator,planning_time,pathlength,computationtime,failures,Timestamp
18,3,1,34.65513707444731,5000000.0,5000000.0,10.0,5050
0,5,0,21.2969374402926,5000000.0,5000000.0,10.0,83275
8,1,1,16.04524327237955,5000000.0,5000000.0,10.0,88875
3,1,0,30.716333676150178,5000000.0,5000000.0,10.0,194505
15,4,1,22.499409722217255,5000000.0,5000000.0,10.0,275304
10,5,1,28.299208133410005,5000000.0,5000000.0,10.0,373444
18,3,0,18.588953299217895,5000000.0,5000000.0,10.0,378252
21,0,1,39.94627926204831,5000000.0,5000000.0,10.0,383119
4,4,1,29.863726952798192,5000000.0,5000000.0,10.0,488295
9,4,1,4.467097313618822,5000000.0,5000000.0,10.0,1094617
7,0,0,19.934008694892377,5000000.0,5000000.0,10.0,1100659
4,4,1,24.657030712063413,5000000.0,5000000.0,10.0,1219260
13,3,0,22.902867837969264,5000000.0,5000000.0,10.0,1225455
18,1,1,4.412174763214322,5000000.0,5000000.0,10.0,1231724
18,5,0,27.55191144447261,5000000.0,5000000.0,10.0,1365578
12,1,0,4.268645301224753,5000000.0,5000000.0,10.0,1401896
17,2,0,27.2252889199467,5000000.0,5000000.0,10.0,1408239
20,1,1,33.74442568271138,5000000.0,5000000.0,10.0,1414231
2,5,0,16.789406633293375,5000000.0,5000000.0,10.0,1501594
2,5,1,34.26895030264768,5000000.0,5000000.0,10.0,1658871
5,2,0,23.132118426390555,5000000.0,5000000.0,10.0,1665128
8,0,0,36.931753580546406,5000000.0,5000000.0,10.0,1671154
19,1,0,24.273450419831452,5000000.0,5000000.0,10.0,1677273
8,2,0,36.1254066079245,5000000.0,5000000.0,10.0,1684426
17,2,0,12.779937315713083,5000000.0,5000000.0,10.0,1690072
12,5,0,30.75794579771289,5000000.0,5000000.0,10.0,1695842
21,0,1,32.98182827761818,5000000.0,5000000.0,10.0,1702151
3,1,0,26.8609623363893,5000000.0,5000000.0,10.0,1831451
9,0,1,10.330698614422346,5000000.0,5000000.0,10.0,1837402
20,0,1,6.929588507536425,5000000.0,5000000.0,10.0,1843383
12,3,1,10.81346032134762,5000000.0,5000000.0,10.0,1905126
21,2,1,11.444648567005071,5000000.0,5000000.0,10.0,1912030
8,1,0,38.711051345688404,5000000.0,5000000.0,10.0,1916906
19,4,0,28.969577752263753,5000000.0,5000000.0,10.0,1948379
5,2,1,19.719573707947088,5000000.0,5000000.0,10.0,1954266
4,2,0,7.817786317667383,5000000.0,5000000.0,10.0,1960584
2,4,0,14.709011347121155,5000000.0,5000000.0,10.0,2039889
18,3,1,8.237727936276045,5000000.0,5000000.0,10.0,2046150
2,4,1,26.33931480864181,5000000.0,5000000.0,10.0,2171907
20,5,1,9.330299802768746,5000000.0,5000000.0,10.0,2231391
13,4,1,2.3521771636316506,5000000.0,5000000.0,10.0,2261735
3,5,0,10.527219662844567,5000000.0,5000000.0,10.0,2323935
5,0,0,15.506177938162466,5000000.0,5000000.0,10.0,2329550
11,0,0,38.30428737006283,5000000.0,5000000.0,10.0,2504497
1,4,1,7.615562347116255,5000000.0,5000000.0,10.0,2555537
4,5,0,8.842191042316383,5000000.0,5000000.0,10.0,2613307
19,3,0,4.763128907441163,5000000.0,5000000.0,10.0,2619247
0,2,0,19.36219073624234,5000000.0,5000000.0,10.0,2715491
3,0,0,39.18475756500652,5000000.0,5000000.0,10.0,2893226
12,2,1,13.928537734715437,5000000.0,5000000.0,10.0,2970457
0,2,1,24.801294980657705,5000000.0,5000000.0,10.0,3064643
0,2,0,10.720979505532734,5000000.0,5000000.0,10.0,3114403
0,4,0,29.84068267494774,5000000.0,5000000.0,10.0,3221982
0,4,0,18.022417982934993,5000000.0,5000000.0,10.0,3242234
0,1,0,2.613654183537743,5000000.0,5000000.0,10.0,3286108
0,0,0,36.01627430906291,5000000.0,5000000.0,10.0,3305528
0,4,1,21.414789405376773,5000000.0,5000000.0,10.0,3326088
0,0,0,6.9798465081267285,5000000.0,5000000.0,10.0,3346424
0,0,0,24.04327034912737,5000000.0,5000000.0,10.0,3365820
21,0,1,29.17801546498578,5000000.0,5000000.0,10.0,3370420
0,1,0,31.043863028336965,5000000.0,5000000.0,10.0,3389908
0,5,1,38.69915866181216,5000000.0,5000000.0,10.0,3409051
0,5,1,29.23681507302367,5000000.0,5000000.0,10.0,3428520
0,3,0,23.583600721863604,5000000.0,5000000.0,10.0,3447933
0,5,0,21.745810268734285,5000000.0,5000000.0,10.0,3468882
0,1,1,2.2441710806630653,5000000.0,5000000.0,10.0,3488340
0,0,1,17.440741429982943,5000000.0,5000000.0,10.0,3507892
0,4,1,19.02542934296202,5000000.0,5000000.0,10.0,3527988
0,1,1,10.812174626328082,5000000.0,5000000.0,10.0,3547262
0,1,1,34.7478340926044,5000000.0,5000000.0,10.0,3566892
0,4,0,5.420835459277924,5000000.0,5000000.0,10.0,3587236
0,0,1,13.296464229740108,5000000.0,5000000.0,10.0,3606477
17,4,1,32.79627418644472,5000000.0,5000000.0,10.0,3621780
0,0,0,7.325775000785957,5000000.0,5000000.0,10.0,3641220
0,1,1,30.11664709642955,5000000.0,5000000.0,10.0,3661796
0,5,0,15.49627579604999,5000000.0,5000000.0,10.0,3681315
0,4,1,38.47040169417803,5000000.0,5000000.0,10.0,3700764
0,2,1,19.225628413889854,5000000.0,5000000.0,10.0,3721168
0,3,1,26.587297823245272,5000000.0,5000000.0,10.0,3740386
0,5,0,18.480851673155236,5000000.0,5000000.0,10.0,3759744
7,0,1,11.096922275711064,5000000.0,5000000.0,10.0,3765316
0,1,1,2.064368100597678,5000000.0,5000000.0,10.0,3784860
0,5,0,33.22723714737941,5000000.0,5000000.0,10.0,3804484
0,0,1,23.775724378171876,5000000.0,5000000.0,10.0,3824654
0,2,0,12.715060277476917,5000000.0,5000000.0,10.0,3844024
0,2,0,27.809952531468465,5000000.0,5000000.0,10.0,3863716
0,4,1,2.712740914744871,5000000.0,5000000.0,10.0,3883912
19,1,1,31.30120292813559,5000000.0,5000000.0,10.0,3888748
0,1,1,23.52606891819824,5000000.0,5000000.0,10.0,3908260
0,0,1,22.99438409963939,5000000.0,5000000.0,10.0,3928548
0,5,0,2.8633429775507175,5000000.0,5000000.0,10.0,3949049
0,0,0,26.10625376205496,5000000.0,5000000.0,10.0,3968628
0,5,0,32.91894629481838,5000000.0,5000000.0,10.0,3988952
0,3,0,9.178035344393228,5000000.0,5000000.0,10.0,4008250
0,5,0,32.00747337867372,5000000.0,5000000.0,10.0,4027948
0,4,0,6.288366657550387,5000000.0,5000000.0,10.0,4048192
0,1,1,7.088725321442045,5000000.0,5000000.0,10.0,4067644
0,1,0,17.622573789672266,5000000.0,5000000.0,10.0,4087200
0,4,0,2.4877853180308507,5000000.0,5000000.0,10.0,4107631
0,4,0,11.475416805412113,5000000.0,5000000.0,10.0,4127116
