planner,sampler,motionValidator,planning_time,pathlength,computationtime,failures,Timestamp
17,1,0,14.264465495946402,5000000.0,5000000.0,10.0,7488
14,1,0,11.863633864885326,5000000.0,5000000.0,10.0,14844
4,0,0,40.103482762401,5000000.0,5000000.0,10.0,21750
2,5,0,12.351151216804343,5000000.0,5000000.0,10.0,37945
0,2,0,31.36826042102421,5000000.0,5000000.0,10.0,53673
17,5,0,10.397738975769068,5000000.0,5000000.0,10.0,71973
6,2,0,43.024972291583595,5000000.0,5000000.0,10.0,79358
9,5,0,15.669389285498987,5000000.0,5000000.0,10.0,97009
5,4,0,22.748082497661258,5000000.0,5000000.0,10.0,115012
13,3,0,24.393626219722123,5000000.0,5000000.0,10.0,122195
7,2,0,26.477226382759056,5000000.0,5000000.0,10.0,131420
19,2,0,22.48398741033092,5000000.0,5000000.0,10.0,139839
5,3,0,39.92277098930075,5000000.0,5000000.0,10.0,149313
20,2,0,10.382035327378702,5000000.0,5000000.0,10.0,157926
6,0,0,34.019726607408685,5000000.0,5000000.0,10.0,165764
10,0,0,17.154997380856777,5000000.0,5000000.0,10.0,173754
20,5,0,44.81198817969385,5000000.0,5000000.0,10.0,192393
15,2,0,30.219084090670258,5000000.0,5000000.0,10.0,201801
15,3,0,44.805616859443745,5000000.0,5000000.0,10.0,208690
19,3,0,10.340642570971774,5000000.0,5000000.0,10.0,214483
17,2,0,23.642105842015784,5000000.0,5000000.0,10.0,220400
11,2,0,36.09302227244656,5000000.0,5000000.0,10.0,239133
12,4,0,23.131865065933976,5000000.0,5000000.0,10.0,246175
17,1,0,27.271015885501054,5000000.0,5000000.0,10.0,253509
4,3,0,13.737975060417568,5000000.0,5000000.0,10.0,260262
21,3,0,21.397422791530765,5000000.0,5000000.0,10.0,268195
5,1,0,11.47623380437653,5000000.0,5000000.0,10.0,277853
1,0,0,29.231965160509432,5000000.0,5000000.0,10.0,297975
20,4,0,44.334566004965126,5000000.0,5000000.0,10.0,315177
3,3,0,32.73696245163448,5000000.0,5000000.0,10.0,333281
18,1,0,14.225246193849793,5000000.0,5000000.0,10.0,341521
18,2,0,15.135080377982703,5000000.0,5000000.0,10.0,348993
7,3,0,27.781186028785854,5000000.0,5000000.0,10.0,359479
12,2,0,11.198300251039498,5000000.0,5000000.0,10.0,379601
18,4,0,27.348288481243973,5000000.0,5000000.0,10.0,398137
0,1,0,43.06368493645047,5000000.0,5000000.0,10.0,413953
20,5,0,28.28503524775855,5000000.0,5000000.0,10.0,429789
20,2,0,15.080344213750617,5000000.0,5000000.0,10.0,435297
0,3,0,44.49715778465607,5000000.0,5000000.0,10.0,454991
13,2,0,14.924263079285854,5000000.0,5000000.0,10.0,461592
7,4,0,35.00052010127568,5000000.0,5000000.0,10.0,477397
10,3,0,34.80095990300362,5000000.0,5000000.0,10.0,482944
2,5,0,27.58477629388176,5000000.0,5000000.0,10.0,500985
18,4,0,20.513673677008917,5000000.0,5000000.0,10.0,518173
13,4,0,37.98684294721615,5000000.0,5000000.0,10.0,536222
9,0,0,23.823838230434326,5000000.0,5000000.0,10.0,542957
6,3,0,42.47145353445308,5000000.0,5000000.0,10.0,550924
0,4,0,32.68203124785981,5000000.0,5000000.0,10.0,570341
3,1,0,10.923809066504838,5000000.0,5000000.0,10.0,589091
19,4,0,16.067159469421153,5000000.0,5000000.0,10.0,607605
0,5,0,25.001445488570138,5000000.0,5000000.0,10.0,632348
0,0,0,23.950588306412328,5000000.0,5000000.0,10.0,653467
0,1,0,25.112012002543747,5000000.0,5000000.0,10.0,674781
0,4,0,10.869251526682234,5000000.0,5000000.0,10.0,696289
0,1,0,31.977609961251364,5000000.0,5000000.0,10.0,720465
0,1,0,31.894523214777315,5000000.0,5000000.0,10.0,744870
0,0,0,41.88953345950257,5000000.0,5000000.0,10.0,771617
0,3,0,42.04618183578753,5000000.0,5000000.0,10.0,795185
0,4,0,18.691099560609487,5000000.0,5000000.0,10.0,817793
0,3,0,23.764800939883926,5000000.0,5000000.0,10.0,842699
0,4,0,18.08058934646463,5000000.0,5000000.0,10.0,865117
0,4,0,26.499845813289213,5000000.0,5000000.0,10.0,886657
0,3,0,21.470624032376133,5000000.0,5000000.0,10.0,908063
0,2,0,35.3156582633565,5000000.0,5000000.0,10.0,933745
0,3,0,24.823967018637138,5000000.0,5000000.0,10.0,959206
0,1,0,13.546273135891052,5000000.0,5000000.0,10.0,983949
0,0,0,41.15398527338553,5000000.0,5000000.0,10.0,1006861
0,1,0,25.536193131034494,5000000.0,5000000.0,10.0,1031977
0,0,0,16.668864802149276,5000000.0,5000000.0,10.0,1055006
0,3,0,12.349535520368715,5000000.0,5000000.0,10.0,1081769
0,3,0,43.400621024152215,5000000.0,5000000.0,10.0,1106717
0,0,0,16.882265431193275,5000000.0,5000000.0,10.0,1134685
0,5,0,43.022435935967145,5000000.0,5000000.0,10.0,1161547
0,5,0,19.90618744699076,5000000.0,5000000.0,10.0,1188501
0,5,0,10.203273460909465,5000000.0,5000000.0,10.0,1215241
0,0,0,29.20624619546762,5000000.0,5000000.0,10.0,1242090
0,2,0,22.978290897879695,5000000.0,5000000.0,10.0,1270099
0,1,0,24.352387249838316,5000000.0,5000000.0,10.0,1297679
0,5,0,21.821149272202618,5000000.0,5000000.0,10.0,1324437
0,1,0,10.25898117611759,5000000.0,5000000.0,10.0,1350915
8,5,0,16.708817962782323,5000000.0,5000000.0,10.0,1372065
0,3,0,37.29509014491279,5000000.0,5000000.0,10.0,1399323
0,1,0,21.95338937983628,5000000.0,5000000.0,10.0,1426116
0,3,0,15.712823346783525,5000000.0,5000000.0,10.0,1453848
19,0,0,31.81727734885307,5000000.0,5000000.0,10.0,1464457
0,5,0,41.95392126973437,5000000.0,5000000.0,10.0,1493857
0,0,0,17.152722888900126,5000000.0,5000000.0,10.0,1520945
0,0,0,38.975876895462235,5000000.0,5000000.0,10.0,1549706
0,1,0,39.03426230485211,5000000.0,5000000.0,10.0,1576773
0,1,0,27.834504056862958,5000000.0,5000000.0,10.0,1604901
0,0,0,33.51365673481247,5000000.0,5000000.0,10.0,1631541
0,4,0,24.51069669033351,5000000.0,5000000.0,10.0,1659417
0,1,0,19.959737578030268,5000000.0,5000000.0,10.0,1686454
0,2,0,18.38968872581902,5000000.0,5000000.0,10.0,1714637
0,0,0,34.47730426931493,5000000.0,5000000.0,10.0,1741490
0,0,0,32.63971205336578,5000000.0,5000000.0,10.0,1769789
0,3,0,25.791455770115874,5000000.0,5000000.0,10.0,1797911
0,0,0,42.00798577136612,5000000.0,5000000.0,10.0,1824881
0,5,0,12.359644522924622,5000000.0,5000000.0,10.0,1853025
0,2,0,29.82289876652318,5000000.0,5000000.0,10.0,1882017
