planner,sampler,motionValidator,planning_time,pathlength,computationtime,failures,Timestamp
15,1,0,46.255569470592164,5000000.0,5000000.0,10.0,14846
21,0,0,39.62920674018019,5000000.0,5000000.0,10.0,29635
17,1,0,50.436920336460894,5000000.0,5000000.0,10.0,44557
19,1,0,49.41297740090583,5000000.0,5000000.0,10.0,59455
12,0,0,57.041386776779404,5000000.0,5000000.0,10.0,269467
20,1,0,26.89550282454407,5000000.0,5000000.0,10.0,284463
12,5,0,39.482461178634146,5000000.0,5000000.0,10.0,299475
15,1,0,55.84392983177841,5000000.0,5000000.0,10.0,314634
10,3,0,25.119571258659533,5000000.0,5000000.0,10.0,329884
18,2,0,40.76383418259896,5000000.0,5000000.0,10.0,345089
9,3,0,44.938231534434436,5000000.0,5000000.0,10.0,360370
0,1,0,53.38210481699193,5000000.0,5000000.0,10.0,573159
7,5,0,53.890158776004185,5000000.0,5000000.0,10.0,779217
21,5,0,43.05337443145874,5000000.0,5000000.0,10.0,951046
10,1,0,29.602027091616012,5000000.0,5000000.0,10.0,966609
13,4,0,33.169393125225994,5000000.0,5000000.0,10.0,1106175
17,1,0,34.89541002492183,5000000.0,5000000.0,10.0,1121805
16,4,0,31.499099073109452,5000000.0,5000000.0,10.0,1137446
18,1,0,52.529555808533516,5000000.0,5000000.0,10.0,1153139
0,2,0,54.786398341293236,5000000.0,5000000.0,10.0,1367172
18,4,0,56.94257772997927,5000000.0,5000000.0,10.0,1984219
19,0,0,34.984726026213394,5000000.0,5000000.0,10.0,2005092
14,1,0,33.42027824657845,5000000.0,5000000.0,10.0,2026534
17,2,0,44.395984147503114,5000000.0,5000000.0,10.0,2048888
15,3,0,57.269302863607784,5000000.0,5000000.0,10.0,2071381
15,3,0,59.19157441145456,5000000.0,5000000.0,10.0,2091408
9,4,0,49.55276207436584,5000000.0,5000000.0,10.0,2416163
9,3,0,30.28456427892855,5000000.0,5000000.0,10.0,2437178
0,0,0,39.05441787426904,5000000.0,5000000.0,10.0,2613010
0,3,0,28.891816173728163,5000000.0,5000000.0,10.0,2755976
9,0,0,34.43728187014579,5000000.0,5000000.0,10.0,2772439
13,4,0,45.22262002081668,5000000.0,5000000.0,10.0,2953777
0,2,0,49.54756350353609,5000000.0,5000000.0,10.0,3153561
19,0,0,29.86558366417962,5000000.0,5000000.0,10.0,3170145
11,5,0,53.26844996270678,5000000.0,5000000.0,10.0,3186675
13,5,0,44.04414063032945,5000000.0,5000000.0,10.0,3363261
12,4,0,30.67267210642263,5000000.0,5000000.0,10.0,3379836
6,5,0,35.743525644867134,5000000.0,5000000.0,10.0,3529947
16,0,0,48.465820081700194,5000000.0,5000000.0,10.0,3720135
15,3,0,46.13007452172873,5000000.0,5000000.0,10.0,3736897
1,4,0,56.54768890465908,5000000.0,5000000.0,10.0,3958935
9,3,0,53.50762926956714,5000000.0,5000000.0,10.0,3975795
6,4,0,26.871091221548003,5000000.0,5000000.0,10.0,4101515
14,2,0,36.82053495492424,5000000.0,5000000.0,10.0,4118457
17,4,0,50.604598945613844,5000000.0,5000000.0,10.0,4315227
8,4,0,49.90256585233824,5000000.0,5000000.0,10.0,4509144
20,5,0,35.55302655359269,5000000.0,5000000.0,10.0,4671068
3,4,0,28.061907307553675,5000000.0,5000000.0,10.0,4796966
13,4,0,42.66424478307854,5000000.0,5000000.0,10.0,4972265
8,2,0,35.55474385481912,5000000.0,5000000.0,10.0,4989987
0,0,0,49.21900006153304,5000000.0,5000000.0,10.0,5188483
0,0,0,55.15487054347962,5000000.0,5000000.0,10.0,5406533
0,0,0,35.05496271565005,5000000.0,5000000.0,10.0,5580716
11,5,0,37.3073867986806,5000000.0,5000000.0,10.0,5598333
7,5,0,59.45754502292048,5000000.0,5000000.0,10.0,5824354
0,2,0,43.53023713143637,5000000.0,5000000.0,10.0,6009669
0,5,0,47.302345301281036,5000000.0,5000000.0,10.0,6214334
0,4,0,28.18460289782212,5000000.0,5000000.0,10.0,6354378
0,0,0,49.84634672219222,5000000.0,5000000.0,10.0,6571659
0,2,0,28.852159514357083,5000000.0,5000000.0,10.0,6714229
0,3,0,46.020906654259235,5000000.0,5000000.0,10.0,6906972
0,3,0,32.37352703709084,5000000.0,5000000.0,10.0,7069665
0,5,0,58.27927122842699,5000000.0,5000000.0,10.0,7307407
0,3,0,49.43222887345492,5000000.0,5000000.0,10.0,7510429
0,2,0,37.807538347695406,5000000.0,5000000.0,10.0,7689008
0,4,0,55.089021255809186,5000000.0,5000000.0,10.0,7929451
0,1,0,59.81262550675423,5000000.0,5000000.0,10.0,8173584
0,0,0,51.44982928199298,5000000.0,5000000.0,10.0,8388496
0,1,0,41.169270445071035,5000000.0,5000000.0,10.0,8571651
0,5,0,47.25367762553244,5000000.0,5000000.0,10.0,8768346
4,4,0,42.806011869251165,5000000.0,5000000.0,10.0,8943494
0,1,0,43.79245652320992,5000000.0,5000000.0,10.0,9131360
0,2,0,59.46357143932221,5000000.0,5000000.0,10.0,9363924
11,5,0,44.533474430486976,5000000.0,5000000.0,10.0,9384189
0,5,0,25.95043213685921,5000000.0,5000000.0,10.0,9522371
0,5,0,29.15769581093093,5000000.0,5000000.0,10.0,9669462
0,4,0,29.1724959232202,5000000.0,5000000.0,10.0,9812364
11,1,0,51.82026233952243,5000000.0,5000000.0,10.0,10017064
0,5,0,49.588854006023254,5000000.0,5000000.0,10.0,10223014
0,1,0,56.93509447909978,5000000.0,5000000.0,10.0,10448542
0,0,0,49.4608478773938,6.9980164,78517.0,9.0,10684598
1,0,0,49.4608478773938,5000000.0,5000000.0,10.0,10890820
0,0,0,49.464159897650575,5000000.0,5000000.0,10.0,11111981
0,0,0,49.44313824729859,5000000.0,5000000.0,10.0,11328146
0,0,0,49.4603911768036,5000000.0,5000000.0,10.0,11538452
2,0,0,49.4608478773938,5000000.0,5000000.0,10.0,11561969
7,5,0,50.83570303534576,5000000.0,5000000.0,10.0,11763903
0,0,0,49.46055881498631,5000000.0,5000000.0,10.0,11981176
0,2,0,49.4608478773938,5000000.0,5000000.0,10.0,12183524
3,0,0,49.4608478773938,5.8928213,79592.0,9.0,12383717
3,0,0,52.898772860928,5000000.0,5000000.0,10.0,12588195
3,0,0,50.91033306427998,5000000.0,5000000.0,10.0,12776268
3,0,0,49.477997180001466,5000000.0,5000000.0,10.0,12960989
3,2,0,49.4608478773938,5000000.0,5000000.0,10.0,13144356
3,0,0,49.46248596993503,5.4154487,97394.0,9.0,13330249
3,0,0,28.237763693252603,5000000.0,5000000.0,10.0,13448476
3,0,0,49.46152135131071,5000000.0,5000000.0,10.0,13640642
3,0,0,45.242858644586086,5000000.0,5000000.0,10.0,13811631
0,0,0,49.46248596993503,5000000.0,5000000.0,10.0,13998821
3,0,0,49.46250976943489,5000000.0,5000000.0,10.0,14183700
