planner,sampler,motionValidator,planning_time,pathlength,computationtime,failures,Timestamp
19,0,0,7.412718823504897,5000000.0,5000000.0,10.0,6786
11,4,0,7.186084361262318,5000000.0,5000000.0,10.0,12781
6,5,0,3.203125228101766,5000000.0,5000000.0,10.0,45050
20,3,0,2.4576644839589092,5000000.0,5000000.0,10.0,49720
20,4,0,5.710788084564239,6.0190377,33887.0,9.0,93183
14,5,0,5.51349214326523,7.923792000000001,23555.0,8.0,144269
10,2,0,4.513733975587485,5000000.0,5000000.0,10.0,148392
1,3,0,2.215324813008963,7.853969875000001,31919.75,6.0,206377
19,0,0,4.76542820895547,5000000.0,5000000.0,10.0,210696
20,1,0,5.282552149710588,5000000.0,5000000.0,10.0,214888
11,5,0,6.321061906314698,5000000.0,5000000.0,10.0,219110
17,1,0,2.0226220038831513,5000000.0,5000000.0,10.0,223338
3,5,0,3.9223074850114097,7.514117071428572,27044.85714285714,3.0,289842
14,0,0,4.8339884208809725,5000000.0,5000000.0,10.0,294170
12,0,0,7.9894801099051245,7.2113628,37736.25,6.0,372425
0,4,0,2.1155458801283267,7.045880100000001,27207.8,5.0,431076
7,0,0,5.618051622700595,5000000.0,5000000.0,10.0,435573
13,3,0,4.130266536158253,5000000.0,5000000.0,10.0,440094
15,2,0,4.420107062664008,5000000.0,5000000.0,10.0,444578
6,3,0,6.604497977222714,5000000.0,5000000.0,10.0,449105
10,3,0,7.864180357179119,5000000.0,5000000.0,10.0,453658
14,3,0,4.866034199370692,5000000.0,5000000.0,10.0,458197
1,4,0,3.5270536708305724,7.644882142857142,32802.71428571428,3.0,532683
18,4,0,4.844763453826593,5000000.0,5000000.0,10.0,570112
9,4,0,2.4827632804153015,6.310548999999999,24953.333333333332,7.0,620730
18,0,0,3.3693976279429774,5000000.0,5000000.0,10.0,625450
16,0,0,3.091868180633703,7.691408,19554.0,9.0,660052
2,4,0,6.6302603681912125,6.860794425,39363.25,2.0,761308
15,0,0,5.287073834421915,5000000.0,5000000.0,10.0,766111
8,3,0,2.3173752739299442,5000000.0,5000000.0,10.0,770947
20,2,0,6.906206654243031,5000000.0,5000000.0,10.0,775827
7,4,0,2.8955883137032186,5000000.0,5000000.0,10.0,807976
5,1,0,5.13641535489461,5000000.0,5000000.0,10.0,812932
10,2,0,4.839980333058106,5000000.0,5000000.0,10.0,817840
18,2,0,5.581702421399154,5000000.0,5000000.0,10.0,822638
15,2,0,2.5749911289805643,5000000.0,5000000.0,10.0,826450
14,5,0,5.1575634794410865,6.58348355,25303.0,6.0,881813
15,5,0,3.7391743556789367,7.704688,28338.0,9.0,924970
5,2,0,5.797410237065533,5000000.0,5000000.0,10.0,929010
17,4,0,7.2811312260672345,6.55073175,33432.5,8.0,985479
17,5,0,4.647986661413656,7.701699,36776.0,9.0,1027666
1,2,0,7.386167802898237,6.869125,26237.5,8.0,1091900
2,1,0,6.531731985818782,5000000.0,5000000.0,10.0,1095970
6,1,0,3.257498910589938,5000000.0,5000000.0,10.0,1100089
17,1,0,5.73982141223147,5000000.0,5000000.0,10.0,1104220
9,1,0,4.947205678234728,5000000.0,5000000.0,10.0,1108406
21,1,0,5.161435115899839,5000000.0,5000000.0,10.0,1112589
7,2,0,5.034508160833639,5000000.0,5000000.0,10.0,1116867
15,5,0,3.9889579233149153,6.9787235,36122.0,9.0,1158631
13,2,0,7.994245137777945,5000000.0,5000000.0,10.0,1162953
12,0,0,8,7.18519115,43313.0,6.0,1240695
2,4,0,6.685974865648618,6.8634711125,37824.875,2.0,1338450
21,4,0,3.0958633177408474,5000000.0,5000000.0,10.0,1370557
2,4,0,7.013549052903345,6.564368285714285,36888.42857142857,3.0,1459360
1,2,0,8,7.1637952375,38210.75,2.0,1555494
20,4,0,6.5267583293111135,6.80143015,29440.0,8.0,1613393
2,4,0,7.309633278194082,7.229685537499999,42504.5,2.0,1726523
17,4,0,8,6.475215,28488.0,9.0,1779968
16,0,0,8,6.0376806,16340.0,9.0,1834671
2,4,0,6.576238193955038,6.8241640750000006,38550.0,2.0,1931099
2,1,0,6.628073153043026,5000000.0,5000000.0,10.0,1935982
20,4,0,7.991640166722268,6.513775133333333,32024.666666666668,7.0,2009893
16,0,0,7.937434987243783,7.283009,25200.0,8.0,2068428
1,2,0,7.983879402332052,7.414357828571428,37908.57142857143,3.0,2166537
2,4,0,2.02694312672613,6.662481800000001,33969.166666666664,4.0,2248674
2,4,0,6.4829927936847085,6.887719275,37790.0,2.0,2351523
1,2,0,7.9939368291758655,8.521557125,41302.125,2.0,2459316
17,5,0,5.3849913761081964,7.08063725,26524.0,8.0,2510809
3,4,0,5.697246452435734,7.084820585714286,32517.0,3.0,2592543
3,4,0,2.322246865604823,6.9993537125000005,26955.75,2.0,2669874
1,3,0,8,7.481992225,42591.75,6.0,2753133
1,4,0,2.9664597046913515,8.114107500000001,34543.333333333336,7.0,2819524
1,2,0,7.911543615745031,7.7011097571428575,35221.28571428572,3.0,2914853
11,1,0,6.983952949801772,7.264298699999999,19114.0,8.0,2968606
11,3,0,7.980535251844277,7.882112,28161.285714285714,3.0,3044375
1,2,0,2.032564157019564,6.4814935,23150.0,9.0,3085814
9,5,0,2.245674289196769,6.85514015,29009.0,6.0,3142000
10,5,0,3.251083301791809,6.7123047444444435,37801.0,1.0,3245055
17,4,0,7.186977522717868,5000000.0,5000000.0,10.0,3294590
2,3,0,7.954036200552961,5000000.0,5000000.0,10.0,3303693
10,5,0,2.6602005925056256,6.858408671428572,32770.28571428572,3.0,3382879
17,4,0,7.986059552274912,10.449804,20862.0,9.0,3442983
17,4,0,7.961552445429265,6.45246665,34779.5,8.0,3510509
11,3,0,7.994040370305472,6.679887388888889,27498.666666666668,1.0,3590956
10,5,0,2.0576493586724136,6.462294633333333,33220.0,1.0,3686016
7,4,0,3.3738660981720274,5000000.0,5000000.0,10.0,3721846
10,5,0,2.318053506245764,6.325002775,30681.5,2.0,3799454
17,4,0,7.954899090288815,6.78377542,38370.0,5.0,3883749
21,5,0,2.101008909217009,5000000.0,5000000.0,10.0,3919002
17,3,0,7.969637041917799,5000000.0,5000000.0,10.0,3924999
17,4,0,5.770084613801149,7.011461,21040.0,9.0,3980796
3,5,0,2.006903193126003,8.593588,27410.25,6.0,4040604
17,4,0,6.825558015993227,6.991594333333333,32664.0,7.0,4109706
16,0,0,2.0243902085806926,5000000.0,5000000.0,10.0,4143776
16,0,0,7.890403489969406,10.066176,25578.0,9.0,4209246
16,0,0,2.7915610240850883,7.2879767,16363.0,9.0,4254604
16,0,0,2.8673368362399474,7.37808345,24539.5,8.0,4299953
16,0,0,2.807176761514918,5000000.0,5000000.0,10.0,4336856
17,4,0,5.636903020996091,6.8355785,30486.666666666668,7.0,4396014
11,3,0,8,7.400259,29960.5,0.0,4490307
