planner,sampler,motionValidator,planning_time,pathlength,computationtime,failures,Timestamp
14,1,0,2.354194669718626,5000000.0,5000000.0,10.0,10325
8,2,0,1.4133851634096817,5000000.0,5000000.0,10.0,20575
18,4,0,4.873390031752171,5000000.0,5000000.0,10.0,64929
17,3,0,3.8930208522550527,5000000.0,5000000.0,10.0,75303
7,5,0,3.604471603724009,5000000.0,5000000.0,10.0,117042
1,4,0,2.3543030932590856,19.7569105,12384.0,6.0,158703
3,0,0,3.356766217142454,13.672897333333333,10557.0,7.0,200731
17,4,0,3.6449882461930097,5000000.0,5000000.0,10.0,243608
11,2,0,4.724241753633919,10.11925875,9949.5,6.0,287020
18,4,0,1.6740605466577154,5000000.0,5000000.0,10.0,322040
10,0,0,4.959214757252195,5000000.0,5000000.0,10.0,332753
14,3,0,2.4043946597911106,5000000.0,5000000.0,10.0,343447
6,0,0,4.635656661988014,5000000.0,5000000.0,10.0,354309
15,4,0,4.293598705820926,12.7228985,12004.0,9.0,398221
1,3,0,3.114243211271692,18.232909333333335,12059.666666666666,7.0,442761
14,3,0,3.1577955822984873,5000000.0,5000000.0,10.0,453638
5,1,0,4.039864416021227,5000000.0,5000000.0,10.0,464500
14,0,0,2.8927055854792996,5000000.0,5000000.0,10.0,475407
19,5,0,4.7989164883298,5000000.0,5000000.0,10.0,595451
5,1,0,3.547791801810183,5000000.0,5000000.0,10.0,606468
4,4,0,4.880490323446884,5000000.0,5000000.0,10.0,652189
0,2,0,2.0736154914345963,16.488259499999998,10721.5,6.0,693835
10,1,0,4.520916384954085,5000000.0,5000000.0,10.0,705446
2,2,0,1.1932683473289274,5000000.0,5000000.0,10.0,716697
6,4,0,2.730522617415324,5000000.0,5000000.0,10.0,756080
14,4,0,2.8869959880800358,16.691797,7067.0,9.0,795872
8,4,0,4.7838856445386995,5000000.0,5000000.0,10.0,841134
6,1,0,4.768984069769029,5000000.0,5000000.0,10.0,852692
14,0,0,2.305433422536657,5000000.0,5000000.0,10.0,863992
21,5,0,4.941292061481612,5000000.0,5000000.0,10.0,910443
16,4,0,4.946466553146914,5000000.0,5000000.0,10.0,921955
16,0,0,3.26325288300914,5000000.0,5000000.0,10.0,964192
9,5,0,4.964633659177546,14.15481675,10428.75,2.0,1006429
8,0,0,3.253098874248183,5000000.0,5000000.0,10.0,1018177
20,3,0,3.0488940203548456,5000000.0,5000000.0,10.0,1029801
7,5,0,3.2037701826197837,5000000.0,5000000.0,10.0,1073723
6,2,0,4.822208439891368,5000000.0,5000000.0,10.0,1085480
5,2,0,4.728673822498088,5000000.0,5000000.0,10.0,1097351
13,0,0,2.1762456483346533,5000000.0,5000000.0,10.0,1109117
18,2,0,3.030227345423232,5000000.0,5000000.0,10.0,1120994
2,2,0,3.9918683958529537,5000000.0,5000000.0,10.0,1132927
12,4,0,2.4226697931863024,5000000.0,5000000.0,10.0,1144838
5,0,0,2.49352415534164,5000000.0,5000000.0,10.0,1156829
11,0,0,1.4502355108152476,5000000.0,5000000.0,10.0,1195133
2,4,0,1.2533022347689133,9.742602824999999,10559.5,6.0,1235881
20,5,0,3.6704513957109093,5000000.0,5000000.0,10.0,1282013
15,2,0,1.8816496759484256,5000000.0,5000000.0,10.0,1294166
11,1,0,1.8191824884217511,5000000.0,5000000.0,10.0,1332780
0,5,0,4.245071281116278,16.0000855,12054.5,8.0,1381861
15,3,0,1.7068871734909872,5000000.0,5000000.0,10.0,1394204
1,4,0,1.1938323828046782,5000000.0,5000000.0,10.0,1437914
2,4,0,1.0108479228121134,12.396064333333333,9336.0,7.0,1483947
14,4,0,1.2572131451218909,5000000.0,5000000.0,10.0,1524257
9,1,0,4.961385724660346,5000000.0,5000000.0,10.0,1540639
9,0,0,4.986925900316377,5000000.0,5000000.0,10.0,1557165
14,4,0,1.1166423633735258,9.368224,5624.0,9.0,1596896
2,4,0,1.251617780159054,15.048687800000002,11321.0,5.0,1642997
14,4,0,1.2528239444441645,5000000.0,5000000.0,10.0,1683494
9,5,0,4.96619950607118,13.395628428571428,9685.57142857143,3.0,1729770
1,4,0,1.1533264811367743,5000000.0,5000000.0,10.0,1774304
3,5,0,4.964362530209496,13.8017020625,12882.5,2.0,1828210
1,5,0,4.970873439715605,13.777687750000002,13164.75,6.0,1885718
11,2,0,1.0271763607734246,5000000.0,5000000.0,10.0,1925812
3,4,0,1.0790205546568774,12.446955833333334,10341.333333333334,7.0,1968874
15,4,0,1.106074865051954,5000000.0,5000000.0,10.0,2009464
15,4,0,4.183442277986744,5000000.0,5000000.0,10.0,2059620
9,5,0,4.965693031153762,11.106667822222223,10060.555555555555,1.0,2107879
15,4,0,4.297911836594643,5000000.0,5000000.0,10.0,2158265
1,3,0,4.704655360946817,19.179876,14375.0,6.0,2215493
15,5,0,4.976492413438313,5000000.0,5000000.0,10.0,2269012
16,0,0,3.240049357209259,5000000.0,5000000.0,10.0,2313175
0,4,0,1.100005458272857,9.9646435,10044.0,9.0,2359536
14,4,0,4.965530678620434,19.0576385,7051.0,8.0,2410320
3,4,0,1.115687342174167,12.943094000000002,10666.25,6.0,2454010
14,4,0,4.964404263204059,17.665216,10474.0,8.0,2506999
9,5,0,5,11.209479111111113,10183.555555555555,1.0,2556563
9,5,0,4.976027687275238,11.904056016666667,10444.666666666666,4.0,2608462
12,4,0,3.0878440528628426,5000000.0,5000000.0,10.0,2622588
1,4,0,4.286457691447271,17.104650499999998,15746.75,6.0,2684098
10,3,0,2.6437897805908825,5000000.0,5000000.0,10.0,2698233
2,4,0,1.1380727407544704,13.075284120000001,10146.4,5.0,2742969
3,5,0,5,10.791570557142858,12883.714285714286,3.0,2798653
1,3,0,4.9941978224975045,16.103992799999997,14781.2,5.0,2858817
1,1,0,4.992176866638873,17.039592,12871.0,8.0,2917462
3,5,0,4.965693031153762,13.844394833333334,12162.333333333334,4.0,2972069
14,4,0,1.1292178044957812,5000000.0,5000000.0,10.0,3014334
1,4,0,4.998209152896141,17.285068,15573.75,6.0,3075304
14,4,0,4.964368729774466,15.652954000000001,11677.5,8.0,3129656
2,4,0,1.1332790922389275,12.30685575,10663.25,6.0,3177392
9,5,0,4.999365200583965,14.664815555555556,10690.222222222223,1.0,3226925
9,2,0,5,5000000.0,5000000.0,10.0,3245498
14,4,0,1.1028378534384808,5000000.0,5000000.0,10.0,3288190
14,4,0,2.8782437352099866,5000000.0,5000000.0,10.0,3336476
2,4,0,1.1916071046221057,11.9385578,9912.4,5.0,3383586
4,5,0,5,5000000.0,5000000.0,10.0,3439424
1,5,0,5,16.901110125000002,12731.75,6.0,3497685
0,5,0,5,18.180772,12645.0,5.0,3555523
1,2,0,2.5170478406573764,15.655154000000001,10708.0,7.0,3607694
0,4,0,1.0292537954636882,19.719417999999997,13044.0,8.0,3656059
1,4,0,2.6872836647660217,14.73972,12195.2,5.0,3710254
